-0.237842	2.80522e-26	2.92383e-27	1.05649e-25	4.78663e-28	0.001885	7.383e-06	-7.281e-05	-0.001375	-4.511e-05	-0.0005095
-0.236494	5.64219e-26	4.58894e-27	8.40981e-26	6.15748e-28	0.00115	9.499e-06	-4.651e-05	-0.001445	-7.08e-05	0.0002953
-0.235169	-6.57878e-27	2.1159e-27	4.49172e-26	-4.24866e-28	0.0009915	-6.557e-06	-4.036e-05	-0.0003942	-3.265e-05	-0.0005972
-0.233857	8.25102e-26	2.77864e-27	1.77303e-25	-4.22921e-27	0.002799	-6.525e-05	-7.925e-05	-0.002672	-4.287e-05	-0.0001266
-0.23255	6.73757e-26	-2.54531e-27	2.76147e-26	-1.27557e-27	-0.000125	-1.968e-05	0.00011	-0.0009771	3.927e-05	0.001102
-0.231245	-1.05001e-25	1.30863e-26	4.28431e-27	2.86809e-27	0.001168	4.425e-05	-0.0002287	0.001036	-0.0002019	-0.002204
-0.230017	2.73554e-25	-1.17899e-26	2.54369e-25	3.53245e-27	0.002419	5.45e-05	8.547e-05	-0.00543	0.0001819	0.003011
-0.228737	-2.30678e-25	1.61229e-26	-1.17705e-25	-6.99035e-29	-4.886e-05	-1.079e-06	-8.582e-05	0.003583	-0.0002487	-0.003535
-0.227617	1.66997e-25	3.50652e-27	1.43404e-25	2.21507e-27	0.001233	3.417e-05	-0.0002879	-0.003193	-5.41e-05	0.00196
-0.226447	2.5129e-25	-3.48059e-27	2.8185e-25	6.03757e-27	0.003214	9.314e-05	0.0002851	-0.005484	5.371e-05	0.00227
-0.225177	-2.4147e-25	5.29219e-27	-8.695e-26	-4.05421e-26	0.0006952	-0.0006253	-0.0003927	0.003378	-8.164e-05	-0.004073
-0.223847	2.76406e-25	-1.41071e-27	2.58938e-25	1.00108e-26	0.002484	0.0001544	0.0001323	-0.005506	2.176e-05	0.003023
-0.222477	-1.29826e-25	7.19452e-27	-1.61293e-25	3.57458e-26	-0.001983	0.0005517	-1.48e-05	0.002994	-0.000111	-0.001011
-0.221107	1.33876e-25	1.26261e-26	2.20535e-25	-1.36177e-26	0.00316	-0.0002101	9.176e-06	-0.003645	-0.0001948	0.0004853
-0.219717	2.88332e-26	9.74177e-27	4.00884e-26	-3.19411e-27	0.0005283	-4.928e-05	0.0003078	-0.000709	-0.0001503	0.0001807
-0.218337	-2.67202e-26	-1.03834e-26	2.66457e-26	-8.75982e-27	0.000823	-0.0001351	-0.0003002	7.539e-07	0.0001602	-0.0008237
-0.216947	4.84496e-26	9.66724e-27	9.96215e-26	-1.02344e-26	0.001551	-0.0001579	-0.0001418	-0.001523	-0.0001492	-2.775e-05
-0.215557	6.41026e-26	2.99286e-27	4.61811e-26	9.91354e-27	0.0002909	0.0001529	-0.0001125	-0.001134	-4.618e-05	0.0008436
-0.214157	1.01339e-25	1.46191e-26	1.36534e-25	2.23873e-27	0.001766	3.454e-05	0.000372	-0.002447	-0.0002255	0.0006804
-0.212767	9.87465e-26	-2.25104e-26	1.80025e-25	-1.63886e-26	0.002688	-0.0002529	-0.0001507	-0.002867	0.0003473	0.0001797
-0.211387	1.20687e-25	-2.46234e-26	1.05552e-25	-4.91626e-26	0.0009298	-0.0007587	-0.0001344	-0.002327	0.0003799	0.001397
-0.209997	9.63483e-26	-3.17434e-27	1.19876e-25	2.52845e-26	0.001475	0.0003901	-0.0002848	-0.002224	4.897e-05	0.000749
-0.208607	8.87649e-26	1.93636e-26	1.38964e-25	9.10982e-26	0.001946	0.001405	-0.0001908	-0.002342	-0.0002987	0.0003966
-0.207217	7.19776e-26	9.23945e-27	1.56173e-25	-1.19974e-26	0.002472	-0.0001851	0.0004331	-0.002347	-0.0001426	-0.0001258
-0.205827	3.04698e-26	-6.39405e-29	6.42646e-26	-4.1806e-26	0.001008	-0.0006452	-0.0004113	-0.0009743	9.864e-07	-3.405e-05
-0.204447	-4.46579e-26	3.98616e-26	-1.05941e-25	-7.42462e-27	-0.00172	-0.0001145	0.000305	0.001549	-0.000615	0.0001713
-0.203057	7.10702e-26	-1.24964e-26	3.85976e-27	5.08802e-27	-0.0006515	7.849e-05	0.000364	-0.0007705	0.0001928	0.001422
-0.201677	-1.132e-25	-2.36901e-26	-3.11471e-26	7.55101e-27	0.0005235	0.0001165	-0.0008435	0.001485	0.0003655	-0.002008
-0.200297	-2.89628e-26	8.22509e-27	-5.40886e-26	8.21861e-27	-0.0008148	0.0001268	-0.0003719	0.0008543	-0.0001269	-3.945e-05
-0.198917	6.84128e-26	4.10606e-26	5.90145e-26	-2.20081e-26	0.0005104	-0.0003395	0.001227	-0.001311	-0.0006335	0.0008005
-0.197537	-3.92458e-26	-7.0098e-27	2.4604e-26	2.04914e-26	0.0009099	0.0003162	-0.0007608	0.0001507	0.0001081	-0.001061
-0.196157	7.91722e-26	-3.16916e-26	2.51095e-29	-6.21905e-27	-0.0008139	-9.596e-05	-0.0004201	-0.0008146	0.000489	0.001628
-0.194787	9.25242e-26	3.50004e-26	1.32288e-25	-5.15608e-26	0.00177	-0.0007957	4.241e-05	-0.002312	-0.0005402	0.0005425
-0.193407	-4.05745e-26	-1.67289e-26	-6.22553e-27	1.59511e-26	0.0002892	0.0002461	0.000147	0.0004813	0.0002581	-0.0007705
-0.192037	9.12279e-26	2.941e-26	1.34557e-25	1.76622e-26	0.00183	0.0002725	8.076e-05	-0.002322	-0.0004538	0.0004922
-0.190667	1.05131e-25	-3.72365e-26	6.06349e-26	1.05034e-27	0.000166	1.621e-05	-0.0002668	-0.001705	0.0005745	0.001539
-0.189297	1.17802e-26	7.0098e-27	5.53201e-26	1.86085e-26	0.001017	0.0002871	0.0001509	-0.0006901	-0.0001082	-0.0003266
-0.187937	1.71858e-26	1.32807e-26	7.80703e-26	4.61811e-27	0.001429	7.125e-05	-5.636e-05	-0.0009798	-0.0002049	-0.0004495
-0.186567	7.81027e-26	-6.22877e-27	7.75518e-26	-5.20793e-27	0.0007921	-8.036e-05	1.456e-05	-0.001601	9.608e-05	0.0008092
-0.185207	4.85468e-26	-1.22631e-26	6.75702e-26	9.08066e-27	0.0008907	0.0001401	0.0001537	-0.001195	0.0001892	0.0003038
-0.183847	-9.92974e-27	1.77757e-26	2.18655e-26	-1.41168e-26	0.0005519	-0.0002178	-8.716e-06	-0.0001228	-0.0002743	-0.0004291
-0.182497	5.10422e-26	-2.77184e-27	4.69264e-26	8.63019e-27	0.0004405	0.0001331	3.405e-05	-0.001008	4.277e-05	0.0005673
-0.181137	8.01444e-26	-1.78308e-27	5.78803e-26	-1.20168e-26	0.0003661	-0.0001854	-0.0004155	-0.00142	2.751e-05	0.001054
-0.179777	3.11763e-26	1.42853e-26	7.37925e-26	6.81535e-27	0.001197	0.0001051	0.0002144	-0.00108	-0.0002204	-0.0001177
-0.178417	5.04913e-26	-6.72137e-27	5.81395e-26	8.07277e-27	0.0006769	0.0001246	-0.0001712	-0.001118	0.0001037	0.0004407
-0.177057	4.92598e-26	-8.14731e-27	5.7459e-26	-1.88419e-27	0.0006753	-2.907e-05	5.503e-05	-0.001098	0.0001257	0.0004223
-0.175697	1.75845e-26	1.04126e-26	7.96583e-26	2.1778e-28	0.001458	3.36e-06	-0.000115	-0.001	-0.0001607	-0.0004574
-0.174347	2.89985e-26	1.69104e-26	6.16072e-26	8.69824e-28	0.0009693	1.342e-05	2.73e-05	-0.0009321	-0.0002609	-3.722e-05
-0.172997	2.52683e-26	-1.69233e-26	7.59638e-26	5.09126e-27	0.001303	7.855e-05	-1.93e-05	-0.001041	0.0002611	-0.0002614
-0.171647	5.6033e-26	1.70173e-26	7.02924e-26	1.30603e-26	0.0008697	0.0002015	-0.0003304	-0.001299	-0.0002625	0.0004296
-0.170297	8.15379e-26	-1.93993e-26	1.03867e-25	-1.66414e-26	0.001298	-0.0002567	-7.858e-05	-0.001907	0.0002993	0.0006088
-0.168947	3.01068e-26	1.73965e-26	5.7783e-26	7.86861e-27	0.0008792	0.0001214	4.395e-05	-0.0009041	-0.0002684	2.492e-05
-0.167607	3.53893e-26	3.93106e-27	6.30979e-26	1.47682e-26	0.0009338	0.0002278	0.0001861	-0.001013	-6.063e-05	7.905e-05
-0.166257	1.61877e-26	1.43145e-26	6.55285e-26	-2.00183e-26	0.001181	-0.0003088	-0.0001629	-0.0008404	-0.0002209	-0.0003409
-0.164927	8.10194e-26	4.07366e-28	8.31259e-26	-5.57414e-28	0.0008768	-8.601e-06	-4.755e-05	-0.001689	-6.285e-06	0.0008118
-0.163587	4.55005e-26	-1.4039e-27	5.34404e-26	-7.45703e-27	0.0006311	-0.000115	7.043e-05	-0.001018	2.166e-05	0.0003865
-0.162257	4.06069e-26	-7.52832e-27	7.1848e-26	-1.2746e-26	0.001061	-0.0001967	-0.0002859	-0.001157	0.0001162	9.61e-05
-0.160927	3.73337e-26	1.26974e-26	5.07506e-26	3.93754e-26	0.0006603	0.0006077	-0.0001124	-0.0009062	-0.0001959	0.0002459
-0.159597	-1.31122e-27	-1.25775e-26	4.15792e-26	2.41665e-26	0.0008687	0.0003729	6.889e-05	-0.0004141	0.000194	-0.0004546
-0.158267	4.66996e-26	1.76752e-26	2.80716e-26	1.98757e-26	9.706e-05	0.0003066	-0.0001433	-0.0007692	-0.0002727	0.0006721
-0.156937	5.12691e-26	-8.94454e-27	5.08802e-26	-1.13006e-26	0.000519	-0.0001744	-9.087e-05	-0.001051	0.000138	0.0005317
-0.155607	8.42278e-26	4.58894e-27	4.98107e-26	-5.71349e-27	0.0001584	-8.817e-05	0.0001971	-0.001379	-7.08e-05	0.00122
-0.154287	1.47164e-26	-5.57089e-28	3.48708e-26	-3.6556e-26	0.0005657	-0.0005639	0.0002966	-0.0005099	8.594e-06	-5.583e-05
-0.152957	1.32613e-26	2.20502e-26	4.63107e-26	9.99131e-27	0.0008164	0.0001542	0.0001927	-0.0006128	-0.0003402	-0.0002036
-0.151637	8.53296e-27	1.45932e-26	7.36953e-26	-5.24358e-27	0.001428	-8.09e-05	3.832e-06	-0.0008458	-0.0002252	-0.0005825
-0.150317	5.26626e-26	-1.31835e-27	5.33432e-26	1.21497e-26	0.0005559	0.0001875	3.387e-05	-0.00109	2.034e-05	0.0005345
-0.149007	5.78479e-26	-3.78199e-27	1.12131e-25	-6.88341e-27	0.001712	-0.0001062	-0.0005747	-0.001748	5.835e-05	3.675e-05
-0.147687	1.12131e-25	-2.42767e-26	1.11839e-25	2.11039e-26	0.001147	0.0003256	-0.0002138	-0.002304	0.0003745	0.001157
-0.146377	7.35332e-26	4.01532e-28	1.61293e-25	3.17337e-26	0.002562	0.0004896	0.0003693	-0.002415	-6.196e-06	-0.0001465
-0.145067	1.1239e-25	-8.57185e-27	7.02276e-26	4.82228e-27	0.0002884	7.442e-05	-9.641e-06	-0.001878	0.0001322	0.00159
-0.143767	2.52327e-26	2.17683e-28	1.43599e-25	-2.21183e-26	0.002694	-0.0003413	-0.0001596	-0.001736	-3.359e-06	-0.0009578
-0.142457	1.10219e-25	-8.99964e-27	7.65795e-26	6.10886e-27	0.0004415	9.427e-05	0.0002726	-0.001921	0.0001388	0.00148
-0.141157	4.13523e-26	4.84172e-28	1.097e-25	-2.93647e-26	0.001831	-0.0004531	-0.0003602	-0.001553	-7.47e-06	-0.0002779
-0.139827	6.36813e-26	-1.54553e-26	6.91582e-26	9.02232e-27	0.0007681	0.0001392	7.494e-05	-0.001366	0.0002384	0.0005982
-0.138527	-4.43662e-28	3.69773e-26	9.59594e-26	1.21691e-26	0.001978	0.0001878	0.0001218	-0.0009823	-0.0005707	-0.000996
-0.137227	1.30798e-25	6.39729e-27	9.41121e-26	-3.49356e-27	0.0005906	-5.388e-05	-0.0001423	-0.002313	-9.871e-05	0.001723
-0.135927	7.67416e-26	-1.21626e-28	8.7825e-26	-2.4322e-26	0.001017	-0.0003752	-8.4e-05	-0.001693	1.876e-06	0.0006753
-0.134627	1.81646e-27	3.94402e-27	5.28571e-26	2.73943e-26	0.001069	0.0004227	-0.0001442	-0.0005625	-6.086e-05	-0.0005064
-0.133427	1.03543e-25	2.84799e-26	9.71585e-26	1.24835e-26	0.0009336	0.0001926	-9.965e-05	-0.002064	-0.0004394	0.00113
-0.132127	9.72557e-26	-1.74192e-26	7.87833e-26	8.61722e-27	0.0006201	0.0001329	6.083e-05	-0.001811	0.0002687	0.001191
-0.130827	2.97114e-26	-6.03757e-27	9.9265e-26	-8.51352e-27	0.001737	-0.0001314	3.317e-05	-0.001327	9.313e-05	-0.0004099
-0.129527	3.31856e-26	1.14205e-26	1.08793e-25	-2.78966e-26	0.001897	-0.0004304	-6.211e-05	-0.00146	-0.0001762	-0.0004367
-0.128227	9.01584e-26	-2.15771e-26	1.35724e-25	1.68002e-26	0.001865	0.0002592	0.0004427	-0.002323	0.0003329	0.0004585
-0.126927	8.45195e-26	1.6327e-26	5.01348e-26	-1.53483e-26	0.0001622	-0.0002368	-0.0001252	-0.001385	-0.0002519	0.001223
-0.125627	1.09344e-26	3.21031e-26	4.90978e-26	-5.57738e-27	0.0008978	-8.607e-05	-0.0001964	-0.0006176	-0.0004953	-0.0002802
-0.124427	8.85056e-26	8.1862e-27	1.28788e-25	7.12971e-27	0.001739	0.00011	-0.0003838	-0.002235	-0.0001263	0.000496
-0.123127	3.31531e-26	1.66284e-27	1.27233e-25	-9.71909e-27	0.002276	-0.00015	0.0005267	-0.00165	-2.565e-05	-0.0006262
-0.121827	5.62923e-26	1.19747e-26	7.82323e-26	-9.87141e-27	0.001031	-0.0001523	-0.0006163	-0.001384	-0.0001848	0.0003531
-0.120627	5.01348e-26	-1.6353e-26	4.08014e-26	4.24866e-26	0.0003239	0.0006553	-2.638e-05	-0.0009352	0.0002523	0.0006114
-0.119327	5.12367e-26	1.33488e-26	8.27046e-26	-1.9396e-26	0.001174	-0.0002992	0.0001342	-0.001378	-0.000206	0.0002034
-0.118027	4.63431e-26	-4.58246e-27	9.70613e-26	-8.64315e-27	0.00152	-0.0001333	0.0002553	-0.001475	7.068e-05	-4.528e-05
-0.116827	6.30331e-26	-1.09862e-26	1.00205e-25	7.96259e-27	0.001413	0.0001229	-0.0004844	-0.001679	0.0001695	0.0002661
-0.115527	4.48199e-26	-1.47812e-26	8.28991e-26	1.3958e-26	0.001244	0.0002153	-0.0001469	-0.001314	0.000228	6.915e-05
-0.114227	4.71533e-26	-4.21949e-27	9.35936e-26	2.00831e-26	0.00144	0.0003098	0.0001593	-0.001448	6.508e-05	7.496e-06
-0.113027	8.77602e-26	1.43502e-26	1.17186e-25	-2.40563e-26	0.001508	-0.0003712	2.157e-05	-0.002108	-0.0002214	0.0005998
-0.111727	9.50844e-26	5.14959e-27	1.04061e-25	5.40886e-27	0.001163	8.344e-05	1.788e-05	-0.002048	-7.947e-05	0.0008856
-0.110527	6.87045e-26	-9.65427e-27	9.93946e-26	1.2315e-26	0.001338	0.00019	1.567e-05	-0.001729	0.000149	0.0003907
-0.109227	6.62091e-26	6.43942e-27	1.06881e-25	6.22877e-27	0.001518	9.612e-05	-2.734e-05	-0.001781	-9.933e-05	0.0002628
-0.108027	6.63063e-26	2.1428e-26	9.23297e-26	-6.43942e-27	0.001217	-9.937e-05	-0.0002326	-0.001632	-0.0003306	0.0004145
-0.106727	5.04913e-26	-3.53893e-28	1.22015e-25	8.72417e-27	0.00199	0.0001346	0.0002687	-0.001774	5.46e-06	-0.0002162
-0.105527	9.06121e-26	-9.77742e-27	9.20705e-26	-7.28851e-27	0.0009622	-0.0001124	-0.000265	-0.001879	0.0001508	0.0009169
-0.104327	1.01987e-25	-1.18904e-26	9.50196e-26	4.33616e-27	0.0009059	6.689e-05	-0.0003804	-0.002026	0.0001835	0.00112
-0.103027	2.82596e-26	2.1885e-26	1.04547e-25	-5.37969e-27	0.00186	-8.302e-05	2.998e-05	-0.001366	-0.0003377	-0.0004939
-0.101827	4.86765e-26	2.12044e-26	1.34589e-25	2.44873e-27	0.002268	3.778e-05	8.944e-05	-0.001885	-0.0003271	-0.0003831
-0.100627	1.22048e-25	-6.43942e-27	1.55071e-25	-7.35332e-27	0.001935	-0.0001134	0.000126	-0.00285	9.936e-05	0.0009153
-0.0993271	1.17284e-25	9.58622e-27	1.16636e-25	6.02136e-27	0.001193	9.289e-05	-0.0004321	-0.002406	-0.0001479	0.001213
-0.0981271	7.12647e-26	-5.20145e-27	1.86085e-25	-2.12757e-26	0.003095	-0.0003283	0.000107	-0.002647	8.026e-05	-0.0004479
-0.0969271	1.37992e-25	1.03024e-26	1.65474e-25	-3.85004e-27	0.001985	-5.938e-05	-0.0001343	-0.003121	-0.0001589	0.001136
-0.0957271	1.17802e-25	5.25006e-27	1.31608e-25	3.31207e-26	0.001495	0.0005108	-2.238e-05	-0.002565	-8.098e-05	0.00107
-0.0944271	1.43437e-25	1.53062e-26	1.71858e-25	8.26722e-27	0.00206	0.0001275	0.0001969	-0.003243	-0.0002361	0.001183
-0.0932271	1.19747e-25	1.35302e-26	2.33044e-25	-2.12951e-26	0.003562	-0.0003286	-0.0002703	-0.003628	-0.0002087	6.616e-05
-0.0920271	1.77659e-25	-1.27946e-26	2.27697e-25	-3.61671e-27	0.002857	-5.579e-05	-0.0003955	-0.004169	0.0001974	0.001312
-0.0908271	1.52219e-25	4.16116e-27	2.15803e-25	-3.83708e-26	0.002874	-0.000592	0.0001976	-0.003785	-6.421e-05	0.0009116
-0.0896271	8.90565e-26	-5.80747e-28	2.22577e-25	2.96369e-26	0.003662	0.0004572	0.0002842	-0.003205	8.958e-06	-0.000457
-0.0884271	1.22663e-25	1.00399e-26	2.93874e-25	3.41902e-26	0.004784	0.0005277	-0.000184	-0.004284	-0.0001549	-0.0004994
-0.0872271	1.87835e-25	2.91702e-27	2.05822e-25	5.22089e-27	0.002302	8.055e-05	-0.0005923	-0.004049	-4.5e-05	0.001747
-0.0860271	2.13729e-25	-4.99728e-27	2.38748e-25	-1.81127e-26	0.002713	-0.0002794	4.932e-05	-0.004654	7.712e-05	0.001941
-0.0848271	1.91822e-25	-6.73433e-27	2.99642e-25	-2.44646e-26	0.004191	-0.0003775	0.000551	-0.005055	0.0001039	0.0008639
-0.0836271	1.59608e-25	6.21905e-27	3.05573e-25	2.08512e-26	0.004645	0.0003217	4.295e-05	-0.004785	-9.593e-05	0.0001401
-0.0824271	1.16149e-25	-1.72182e-26	1.68229e-25	1.82974e-26	0.002266	0.0002823	-0.0004762	-0.002925	0.0002656	0.000659
-0.0812271	1.33714e-25	-1.69525e-26	1.39256e-25	1.6771e-26	0.001489	0.0002588	-0.0005767	-0.002808	0.0002616	0.001318
-0.0800271	7.0973e-26	9.57325e-27	1.5465e-25	-4.4431e-27	0.002451	-6.857e-05	0.0008267	-0.002321	-0.0001477	-0.0001307
-0.0788271	7.99824e-26	1.09473e-26	1.96067e-25	3.513e-27	0.003211	5.42e-05	0.0002733	-0.002839	-0.0001689	-0.0003713
-0.0776271	1.17673e-25	1.31284e-26	9.65427e-26	1.4859e-26	0.0007757	0.0002292	-0.0007237	-0.002203	-0.0002026	0.001428
-0.0764271	7.52508e-26	3.96671e-26	1.28691e-26	-2.81948e-26	-0.0005091	-0.000435	-0.0005575	-0.0009063	-0.0006121	0.001415
-0.0752271	-7.83296e-27	-1.97234e-26	5.76534e-26	-8.33852e-27	0.001266	-0.0001286	0.0004689	-0.0005124	0.0003043	-0.0007541
-0.0741271	2.34373e-27	-3.13318e-26	1.08793e-25	2.13567e-26	0.002214	0.0003295	0.0005453	-0.001143	0.0004834	-0.001071
-0.0729271	7.19776e-26	1.16506e-26	7.1686e-26	-3.22846e-27	0.0007341	-4.981e-05	-0.0007332	-0.001478	-0.0001798	0.0007437
-0.0717271	1.26455e-25	1.76039e-26	1.20233e-25	-2.66392e-26	0.001172	-0.000411	-0.0001491	-0.002537	-0.0002716	0.001365
-0.0706271	1.20395e-25	8.58158e-27	2.23808e-25	4.06717e-27	0.003366	6.273e-05	0.001032	-0.00354	-0.0001324	0.0001747
-0.0694271	1.82942e-25	1.00496e-26	2.24327e-25	2.07928e-27	0.002733	3.208e-05	-0.0006432	-0.004189	-0.000155	0.001456
-0.0682271	1.8197e-25	-1.56076e-26	2.32169e-25	-4.27782e-27	0.002904	-6.6e-05	-0.0006501	-0.00426	0.0002408	0.001355
-0.0671271	1.03608e-25	-1.78599e-26	2.34762e-25	2.30354e-27	0.003764	3.554e-05	0.0007452	-0.00348	0.0002756	-0.0002833
-0.0659271	1.72118e-25	6.89313e-27	2.45489e-25	-5.67136e-27	0.003279	-8.752e-05	-0.0002712	-0.004295	-0.0001064	0.001016
-0.0648271	2.26984e-25	2.10813e-26	2.18364e-25	6.11859e-27	0.002157	9.441e-05	-0.001019	-0.004581	-0.0003252	0.002423
-0.0636271	1.6502e-25	-3.06837e-26	1.79442e-25	3.05735e-26	0.001994	0.0004717	0.0008136	-0.003543	0.0004734	0.001549
-0.0625271	1.44279e-25	-8.06953e-27	2.16192e-25	7.94962e-27	0.002964	0.0001227	0.001125	-0.003708	0.0001245	0.000744
-0.0614271	1.29145e-25	5.15608e-26	2.39299e-25	1.92308e-26	0.003594	0.0002967	-0.0006643	-0.00379	-0.0007954	0.0001956
-0.0602271	1.94544e-25	1.47164e-26	2.69568e-25	-2.11461e-26	0.003544	-0.0003262	-0.0002023	-0.004774	-0.000227	0.00123
-0.0591271	1.81808e-25	2.93841e-26	2.55308e-25	1.3702e-26	0.003382	0.0002114	-0.0007723	-0.004496	-0.0004534	0.001114
-0.0580271	1.65895e-25	3.64911e-26	2.15317e-25	2.46591e-26	0.002723	0.0003804	0.0003924	-0.003921	-0.0005629	0.001198
-0.0569271	1.10251e-25	-1.4039e-27	2.83309e-25	-5.9922e-26	0.004694	-0.0009247	0.0003292	-0.004048	2.166e-05	-0.000646
-0.0558271	1.25483e-25	-7.53156e-27	3.32828e-25	1.42562e-26	0.005558	0.0002199	-0.0005654	-0.004715	0.0001162	-0.0008434
-0.0547271	1.11191e-25	1.95743e-26	3.28615e-25	1.75261e-26	0.005616	0.0002704	-0.000382	-0.004523	-0.000302	-0.001092
-0.0536271	1.37863e-25	-3.72365e-26	3.19605e-25	9.71909e-27	0.005157	0.0001499	-5.338e-06	-0.004705	0.0005744	-0.0004514
-0.0525271	2.37776e-25	-2.03942e-26	3.60374e-25	1.84303e-26	0.004971	0.0002844	-0.001143	-0.006154	0.0003146	0.001183
-0.0514271	4.84496e-25	-1.11126e-26	3.26022e-25	1.29599e-26	0.001719	0.0002	0.0004925	-0.008336	0.0001715	0.006617
-0.0503271	3.99264e-25	4.35236e-26	4.19032e-25	-8.77926e-26	0.004512	-0.001354	0.001252	-0.008416	-0.0006715	0.003904
-0.0492271	-9.05473e-28	3.18925e-26	3.54541e-25	-8.49083e-26	0.007304	-0.00131	-0.0006577	-0.003638	-0.000492	-0.003666
-0.0481271	2.62957e-26	6.49128e-26	3.46439e-25	-2.64966e-26	0.006855	-0.0004088	-0.0006894	-0.003833	-0.001002	-0.003022
-0.0470271	3.79495e-25	-2.54498e-26	4.04773e-25	7.72925e-27	0.004422	0.0001192	-0.001404	-0.008064	0.0003926	0.003642
-0.0459271	5.98247e-25	-8.82463e-26	4.23569e-25	2.03035e-26	0.002558	0.0003133	-0.0002629	-0.01051	0.001361	0.007949
-0.0448271	4.26162e-25	2.57188e-26	4.35884e-25	2.61271e-26	0.004582	0.0004031	0.0008778	-0.008868	-0.0003968	0.004286
-0.0437271	2.70799e-25	-4.89357e-26	5.66164e-25	-2.52781e-26	0.00886	-0.00039	0.0003774	-0.008608	0.000755	-0.0002515
-0.0427271	3.688e-25	2.22188e-26	5.17876e-25	3.3218e-26	0.006857	0.0005123	-0.0006457	-0.009119	-0.0003428	0.002262
-0.0416271	3.75282e-25	5.99868e-26	4.66348e-25	1.14075e-26	0.005734	0.000176	3.762e-05	-0.008655	-0.0009255	0.002921
-0.0406271	1.44344e-25	6.15423e-26	3.73337e-25	-4.93894e-26	0.006195	-0.0007619	-0.0001115	-0.005325	-0.0009494	-0.0008705
-0.0395271	3.30883e-25	1.23733e-26	4.31671e-25	-6.37461e-26	0.005479	-0.0009833	0.0005086	-0.007844	-0.0001909	0.002365
-0.0385271	3.48708e-25	3.93106e-27	4.72505e-25	9.84548e-26	0.006134	0.001519	-0.0005944	-0.008448	-6.063e-05	0.002314
-0.0375271	2.81461e-25	-9.37557e-26	3.62643e-25	-7.51536e-26	0.004567	-0.001159	-0.001319	-0.006626	0.001446	0.002059
-0.0364271	4.80283e-25	1.11904e-25	5.01348e-25	6.70841e-26	0.005373	0.001035	0.00104	-0.0101	-0.001727	0.004725
-0.0354271	3.73013e-25	-3.69449e-26	5.01024e-25	-6.99684e-26	0.006468	-0.00108	0.001345	-0.008991	0.0005701	0.002523
-0.0344271	1.32839e-25	5.31163e-26	3.15003e-25	-6.68572e-26	0.005113	-0.001032	-0.00141	-0.004606	-0.0008197	-0.000507
-0.0334271	4.41394e-25	1.29631e-26	5.39265e-25	-6.68248e-26	0.006555	-0.001031	-0.0003101	-0.01009	-0.0002	0.00353
-0.0324271	4.12551e-25	-1.18904e-26	5.67136e-25	-1.0283e-25	0.007422	-0.001586	5.879e-05	-0.01008	0.0001835	0.002654
-0.0314271	2.75725e-25	-1.84724e-26	3.73337e-25	1.38446e-25	0.004847	0.002136	-0.00138	-0.006678	0.000285	0.001831
-0.0304271	4.14495e-25	-3.87921e-26	5.90794e-25	-1.36793e-25	0.007888	-0.002111	0.002206	-0.01034	0.0005984	0.002449
-0.0294271	4.29079e-25	-4.23245e-26	6.3584e-25	2.95559e-25	0.008668	0.00456	0.0009199	-0.01095	0.0006532	0.002286
-0.0284271	3.12929e-25	-3.05864e-27	6.326e-25	-2.06826e-25	0.009792	-0.003191	-0.0009618	-0.009724	4.719e-05	-6.775e-05
-0.0274271	5.71025e-25	-4.05745e-26	6.95471e-25	-1.08047e-25	0.00843	-0.001667	0.001137	-0.01303	0.0006259	0.004596
-0.0265271	2.89012e-25	1.92664e-25	3.81115e-25	1.459e-25	0.004866	0.002251	-0.00201	-0.006892	-0.002973	0.002026
-0.0255271	4.8482e-25	5.90469e-26	6.10562e-25	-1.58474e-25	0.007574	-0.002445	-0.0009095	-0.01127	-0.0009111	0.003691
-0.0246271	4.31996e-25	1.94738e-25	5.3246e-25	2.78772e-25	0.00651	0.004301	0.001262	-0.009922	-0.003005	0.003412
-0.0236271	5.79775e-26	-2.78674e-25	2.46947e-25	-3.17823e-25	0.004484	-0.004903	0.001778	-0.003136	0.004299	-0.001348
-0.0227271	6.81859e-25	7.30471e-26	6.70193e-25	2.39979e-25	0.006772	0.003702	-0.001738	-0.0139	-0.001127	0.007132
-0.0218271	-4.13199e-26	-7.57045e-26	1.78891e-25	-1.56367e-25	0.004105	-0.002413	-0.001954	-0.001415	0.001168	-0.00269
-0.0209271	5.61627e-25	7.026e-26	8.61722e-25	9.29779e-26	0.01195	0.001434	0.001613	-0.01464	-0.001084	0.002694
-0.0199271	3.12767e-25	6.72137e-26	9.02232e-26	-9.77094e-26	-0.001362	-0.001508	-0.0002985	-0.004145	-0.001037	0.005506
-0.0191271	3.94078e-25	1.18191e-25	8.12463e-25	-2.28021e-25	0.01266	-0.003518	0.0005152	-0.01241	-0.001824	-0.000247
-0.0182271	2.75822e-25	-4.96163e-25	2.82628e-25	1.24705e-25	0.002977	0.001924	-0.003344	-0.005744	0.007654	0.002767
-0.0173271	2.17489e-25	3.59078e-25	4.9908e-25	-3.84032e-25	0.00803	-0.005927	0.006798	-0.007371	-0.005539	-0.0006598
-0.0164271	6.6047e-25	1.02052e-25	2.35864e-25	4.32968e-25	-0.001941	0.00668	-0.009529	-0.00922	-0.001574	0.01116
-0.0156271	3.59078e-25	-2.16354e-25	5.24358e-25	-1.68877e-25	0.007092	-0.002605	0.003387	-0.009086	0.003338	0.001994
-0.0147271	3.43522e-25	3.21809e-25	7.92694e-25	-8.51028e-26	0.01277	-0.001313	0.0001719	-0.01168	-0.004965	-0.001086
-0.0139271	7.31119e-25	-4.82876e-25	8.35472e-25	-1.17899e-26	0.009668	-0.0001819	0.0002256	-0.01611	0.007451	0.006446
-0.0131271	5.1658e-25	3.39957e-25	7.15239e-25	-4.38801e-26	0.009403	-0.0006772	0.0043	-0.01267	-0.005246	0.003269
-0.0123271	9.80335e-25	-3.46115e-26	1.18969e-24	1.65409e-25	0.01439	0.002552	-0.01292	-0.02232	0.0005341	0.007931
-0.0115271	2.88883e-25	1.42724e-25	1.02182e-24	1.26844e-25	0.01805	0.001957	0.005273	-0.01348	-0.002202	-0.004566
-0.0107271	1.30344e-24	3.47735e-26	1.02376e-24	-4.70561e-25	0.007654	-0.007259	0.003533	-0.02394	-0.0005363	0.01628
-0.0100271	1.17024e-24	-3.16462e-25	2.591e-24	3.41578e-25	0.04126	0.005269	-0.002293	-0.03869	0.004882	-0.002574
-0.00932708	1.00432e-24	1.64664e-25	9.29131e-25	-3.12411e-25	0.008782	-0.00482	0.002805	-0.01989	-0.00254	0.01111
-0.00852708	1.62493e-24	8.30287e-26	2.46234e-24	1.26423e-25	0.03394	0.001951	-0.002153	-0.04204	-0.001281	0.008101
-0.00782708	2.12822e-24	1.43664e-25	3.05767e-24	5.00052e-25	0.04101	0.007713	-0.006401	-0.05334	-0.002216	0.01233
-0.00712708	1.87447e-24	2.91605e-25	2.89142e-24	-1.37085e-25	0.0402	-0.002115	-0.005898	-0.04902	-0.004499	0.008821
-0.00652708	2.71123e-24	1.1414e-25	4.46903e-24	-1.00205e-25	0.06405	-0.001546	0.01035	-0.07385	-0.001761	0.009803
-0.00582708	3.20416e-24	-2.6004e-25	5.17228e-24	-3.03434e-25	0.07343	-0.004682	-0.003647	-0.08615	0.004012	0.01272
-0.00522708	2.94133e-24	5.85932e-25	5.4283e-24	-7.38573e-26	0.08144	-0.00114	0.001333	-0.0861	-0.009039	0.00466
-0.00462708	4.03477e-24	1.84076e-25	6.79915e-24	2.71253e-25	0.09835	0.004185	0.0007669	-0.1114	-0.00284	0.01305
-0.00402708	4.10282e-24	-2.10683e-25	6.29359e-24	3.12281e-27	0.08723	4.818e-05	0.004888	-0.1069	0.003251	0.01969
-0.00352708	4.46903e-24	-1.05617e-25	6.87369e-24	5.95655e-25	0.09541	0.009192	-0.002479	-0.1167	0.00163	0.02127
-0.00302708	4.39449e-24	-7.9399e-26	6.4135e-24	1.13654e-24	0.08672	0.01754	0.002126	-0.1112	0.001225	0.02445
-0.00252708	3.38661e-24	3.1361e-25	5.70377e-24	1.37636e-24	0.0825	0.02124	-0.009014	-0.09352	-0.004839	0.01102
-0.00202708	2.66068e-24	-2.26757e-25	3.90189e-24	8.68528e-25	0.05288	0.0134	-0.01691	-0.06749	0.003498	0.01461
-0.00162708	1.49238e-24	-5.89821e-25	1.04969e-25	3.70745e-25	-0.01319	0.005721	-0.01006	-0.01643	0.009101	0.02962
-0.00122708	6.36164e-25	-6.71165e-25	-3.02851e-24	1.00853e-25	-0.06884	0.001556	-0.00178	0.02461	0.01036	0.04423
-0.000827085	1.07594e-24	-9.41446e-25	-6.01164e-24	-1.84011e-24	-0.1348	-0.02839	0.01507	0.05078	0.01452	0.08398
-0.000427085	-8.51676e-25	-1.05973e-24	-5.74914e-24	-1.64923e-24	-0.1095	-0.02545	0.012	0.06791	0.01635	0.04163
-0.000227085	-4.43662e-24	-2.75758e-24	-8.91214e-24	2.07442e-24	-0.1377	0.03201	0.006772	0.1373	0.04254	0.00039
-2.70847e-05	4.82552e-24	1.7471e-24	-1.39224e-23	1.39937e-24	-0.336	0.02159	0.006188	0.09358	-0.02695	0.2425
0.000172915	1.83849e-23	1.9422e-24	-6.3584e-23	1.84562e-24	-1.497	0.02847	0.1307	0.4648	-0.02996	1.032
0.000272915	-8.19268e-24	6.68572e-24	1.61391e-23	4.23894e-24	0.4163	0.06542	-0.07653	-0.08172	-0.1031	-0.3346
0.000472915	-2.77184e-23	1.50858e-24	7.82648e-23	-9.72881e-24	1.895	-0.1501	-0.08051	-0.52	-0.02328	-1.375
0.000572915	-5.10422e-23	6.15748e-25	3.56485e-24	-2.03488e-23	0.5984	-0.314	-0.02137	0.4883	-0.009502	-1.087
0.000772915	-4.81579e-23	3.6005e-24	-7.27554e-23	-1.48363e-23	-1.001	-0.2289	-0.0268	1.244	-0.05554	-0.2426
0.000872915	-4.48199e-23	3.30559e-24	-8.4325e-23	1.06524e-23	-1.273	0.1644	-0.02452	1.328	-0.05099	-0.05485
0.00107292	-1.60127e-23	-6.70841e-25	-3.05735e-23	2.04104e-23	-0.4643	0.3149	0.03618	0.4792	0.01035	-0.01491
0.00127292	2.2316e-23	-4.78663e-24	1.09798e-23	8.67556e-24	-0.003668	0.1339	0.02129	-0.3424	0.07383	0.3461
0.00137292	9.83576e-24	-5.04589e-24	1.77011e-23	-2.46623e-24	0.263	-0.03805	0.006654	-0.2832	0.07785	0.02023
0.00157292	-5.3408e-24	-4.80283e-24	1.1777e-23	-5.91766e-24	0.2972	-0.09128	0.04842	-0.0662	0.07408	-0.231
0.00167292	-1.62557e-23	-2.3029e-24	-6.57229e-24	-5.63247e-24	0.03199	-0.08691	0.06828	0.2348	0.03553	-0.2668
0.00187292	-6.14127e-24	2.20438e-25	-2.44484e-23	3.40606e-24	-0.4397	0.05257	0.03712	0.3146	-0.003401	0.1251
0.00197292	2.14215e-23	8.99964e-25	-2.64674e-23	1.0808e-23	-0.7648	0.1668	0.01478	0.05188	-0.01389	0.7129
0.00217292	2.21248e-23	1.0014e-24	-1.07075e-23	7.35656e-24	-0.4478	0.1135	0.002094	-0.1174	-0.01545	0.5653
0.00237292	7.37925e-24	1.33876e-24	7.96583e-24	-3.75606e-24	0.08798	-0.05796	-0.02446	-0.1579	-0.02065	0.06988
0.00247292	-1.16992e-23	1.95808e-24	1.34103e-23	-1.58182e-23	0.3962	-0.244	-0.04116	-0.01761	-0.03021	-0.3786
0.00267292	-2.696e-23	2.3029e-24	4.50468e-24	-1.71048e-23	0.37	-0.2639	-0.03842	0.231	-0.03553	-0.6009
0.00277292	-6.72461e-24	2.59813e-24	-5.78479e-24	-8.59778e-24	-0.04984	-0.1327	-0.03163	0.1287	-0.04009	-0.07885
0.00297292	1.38738e-23	2.42507e-24	-1.4159e-23	4.84496e-24	-0.4339	0.07474	-0.02968	0.002923	-0.03741	0.431
0.00307292	5.62599e-25	2.28053e-24	-2.04687e-23	1.29696e-23	-0.4268	0.2001	-0.02588	0.2047	-0.03519	0.2221
0.00327292	-3.28939e-23	2.80457e-24	-2.09938e-23	1.2208e-23	-0.09348	0.1884	-0.01221	0.5543	-0.04327	-0.4608
0.00337292	-4.05745e-23	1.75845e-24	-3.02397e-25	-1.96197e-24	0.4113	-0.03027	0.01416	0.4206	-0.02713	-0.8318
0.00357292	-1.63432e-23	-2.5385e-25	9.57325e-24	-1.15501e-23	0.365	-0.1782	0.03746	0.06966	0.003917	-0.4347
0.00367292	-8.35148e-24	-2.03812e-24	8.26074e-24	-6.06673e-24	0.2559	-0.09359	0.05747	0.0009117	0.03145	-0.2568
0.00387292	-4.71533e-24	-3.67828e-24	2.33919e-23	-3.72365e-24	0.5297	-0.05745	0.1021	-0.1921	0.05676	-0.3376
0.00397292	1.2477e-23	-3.72689e-24	4.91302e-23	-1.15469e-23	0.8825	-0.1782	0.1463	-0.6338	0.05752	-0.2488
0.00417292	1.09895e-23	-3.25698e-24	5.24682e-23	-1.95062e-23	0.9666	-0.301	0.1689	-0.6528	0.05024	-0.3137
0.00427292	-2.97374e-23	-3.47411e-24	-1.75909e-23	-8.95751e-24	-0.05597	-0.1382	0.1869	0.4868	0.05362	-0.4308
0.00447292	-5.64219e-23	-5.04913e-24	-1.0633e-22	2.88008e-23	-1.607	0.4444	0.1978	1.674	0.07792	-0.06702
0.00467292	2.08674e-23	-7.6612e-24	-5.82368e-23	3.78847e-23	-1.413	0.5844	0.2051	0.3844	0.1182	1.028
0.00477292	1.22274e-22	-9.30103e-24	3.23916e-23	1.55298e-23	-0.5912	0.2396	0.1944	-1.591	0.1435	2.182
0.00497292	1.62655e-22	-8.57834e-24	4.31671e-23	9.06769e-24	-0.7848	0.1399	0.1283	-2.117	0.1323	2.902
0.00507292	1.79085e-22	-6.23849e-24	4.50468e-23	1.83979e-26	-0.9153	0.0002838	0.001203	-2.306	0.09624	3.221
0.00527292	1.99729e-22	-2.27211e-24	8.695e-23	-2.67591e-23	-0.2657	-0.4129	-0.07903	-2.949	0.03505	3.215
0.00537292	1.99243e-22	2.13276e-24	1.20427e-22	-4.9357e-23	0.4282	-0.7617	-0.02868	-3.288	-0.0329	2.86
0.00557292	1.2921e-22	5.99544e-24	8.49732e-23	-4.29403e-23	0.419	-0.6626	-0.0377	-2.203	-0.0925	1.784
0.00567292	-6.49776e-24	6.97739e-24	3.10628e-24	-1.49886e-23	0.1307	-0.2312	-0.2903	0.03488	-0.1077	-0.1656
0.00587292	-1.564e-22	7.38249e-24	-6.83804e-23	1.8965e-23	0.2023	0.2926	-0.6173	2.312	-0.1139	-2.514
0.00597292	-2.80133e-22	3.02073e-24	-1.062e-22	3.80791e-23	0.6965	0.5875	-0.806	3.974	-0.04661	-4.67
0.00617292	-3.41254e-22	-2.36609e-24	-1.15858e-22	4.08986e-23	1.128	0.631	-0.6972	4.703	0.03651	-5.831
0.00627292	-3.33476e-22	5.80423e-25	-1.18288e-22	3.43522e-23	0.9964	0.53	-0.5233	4.647	-0.008953	-5.643
0.00647292	-2.85512e-22	9.97511e-24	-1.23733e-22	2.81526e-23	0.3911	0.4343	-0.4798	4.209	-0.1539	-4.6
0.00657292	-2.04882e-22	1.30992e-23	-1.1845e-22	3.28939e-23	-0.3296	0.5076	-0.5042	3.326	-0.2021	-2.996
0.00677292	-9.71261e-23	7.70008e-24	-9.01908e-23	4.30699e-23	-0.8562	0.6645	-0.4201	1.927	-0.1188	-1.071
0.00687292	8.07602e-24	2.22544e-24	-4.20653e-23	4.0056e-23	-0.9486	0.6178	-0.1269	0.3497	-0.03434	0.5989
0.00707292	9.82928e-23	1.19876e-24	1.05163e-23	1.80284e-23	-0.7946	0.2782	0.2743	-1.119	-0.01849	1.914
0.00717292	1.5358e-22	3.47735e-24	4.75098e-23	-1.45932e-23	-0.6027	-0.2252	0.6073	-2.068	-0.05365	2.671
0.00737292	1.65798e-22	7.5899e-24	6.47507e-23	-4.18708e-23	-0.3735	-0.6458	0.7644	-2.371	-0.1171	2.745
0.00747292	1.50793e-22	1.17381e-23	6.0959e-23	-5.11395e-23	-0.2971	-0.789	0.7207	-2.178	-0.1811	2.475
0.00767292	1.18191e-22	1.18321e-23	3.86949e-23	-3.63615e-23	-0.4197	-0.5611	0.5893	-1.614	-0.1825	2.033
0.00777292	7.66444e-23	8.36444e-24	1.80187e-23	-1.76979e-23	-0.4179	-0.273	0.5101	-0.9738	-0.1291	1.392
0.00797292	4.86116e-23	5.97923e-24	1.81581e-23	-2.14345e-23	-0.1265	-0.3307	0.5188	-0.6868	-0.09227	0.8133
0.00807292	2.46818e-23	5.007e-24	1.90655e-23	-2.77961e-23	0.1384	-0.4289	0.5646	-0.45	-0.07725	0.3116
0.00827292	1.19034e-23	7.97555e-25	1.4577e-23	-2.41567e-23	0.1774	-0.3727	0.6071	-0.2724	-0.01231	0.09495
0.00837292	6.15099e-23	-5.82043e-24	3.97319e-23	-3.49356e-23	0.1843	-0.5389	0.6446	-1.041	0.08978	0.8569
0.00857292	1.63173e-22	-8.79547e-24	8.42926e-23	-5.54821e-23	0.05548	-0.8558	0.5732	-2.545	0.1357	2.49
0.00867292	1.94641e-22	-1.0027e-23	7.66444e-23	-5.20145e-23	-0.4254	-0.8026	0.2264	-2.791	0.1547	3.216
0.00887292	7.16536e-23	-1.65409e-23	3.27643e-23	-2.48341e-23	-0.06317	-0.3831	-0.178	-1.074	0.2552	1.137
0.00897292	-6.71165e-23	-2.03197e-23	1.28075e-23	-1.09571e-23	0.9537	-0.169	-0.2688	0.5585	0.3135	-1.512
0.00917292	-8.84084e-23	-1.63368e-23	7.77786e-24	-1.0202e-23	1.069	-0.1574	-0.3222	0.8292	0.252	-1.898
0.00927292	-1.03705e-22	-1.28562e-23	-1.72053e-23	1.08436e-23	0.7128	0.1673	-0.5894	1.244	0.1984	-1.957
0.00947292	-1.71307e-22	-1.28464e-23	-4.86116e-23	4.64079e-23	0.7622	0.7161	-0.8149	2.262	0.1982	-3.024
0.00957292	-2.02937e-22	-1.33423e-23	-5.39589e-23	6.62739e-23	0.9775	1.023	-0.8156	2.642	0.2058	-3.62
0.00977292	-1.70108e-22	-1.15696e-23	-4.03477e-23	6.17692e-23	0.9194	0.9532	-0.6687	2.165	0.1785	-3.084
0.00987292	-1.04515e-22	-7.47323e-24	-2.37354e-23	4.35236e-23	0.5866	0.6717	-0.5078	1.319	0.1153	-1.906
0.0100729	-3.95051e-23	-3.36393e-24	-1.32224e-23	2.83633e-23	0.1342	0.4376	-0.4008	0.5422	0.05191	-0.6765
0.0101729	3.4255e-25	-6.06349e-25	-8.05333e-24	2.34243e-23	-0.1692	0.3614	-0.3263	0.07932	0.009356	0.08989
0.0103729	1.33131e-23	1.35821e-24	-5.05885e-24	2.40919e-23	-0.241	0.3717	-0.2354	-0.0849	-0.02096	0.3259
0.0104729	2.02289e-23	3.06221e-24	-2.80457e-24	2.16938e-23	-0.2658	0.3347	-0.1238	-0.1792	-0.04725	0.445
0.0106729	4.02504e-23	4.59218e-24	-8.76954e-26	1.31349e-23	-0.4158	0.2026	-0.01127	-0.4131	-0.07086	0.8288
0.0107729	7.35008e-23	6.22553e-24	4.31996e-24	8.99964e-25	-0.6672	0.01389	0.08147	-0.8005	-0.09606	1.468
0.0109729	1.00302e-22	8.9413e-24	8.14083e-24	-1.19261e-23	-0.8641	-0.184	0.1546	-1.115	-0.1379	1.979
0.0110729	1.00043e-22	1.21659e-23	8.65611e-24	-1.84076e-23	-0.8509	-0.284	0.185	-1.118	-0.1877	1.969
0.0112729	7.38897e-23	1.4133e-23	4.28431e-24	-1.26941e-23	-0.6719	-0.1959	0.172	-0.8041	-0.2181	1.476
0.0113729	3.63291e-23	1.33585e-23	-4.56301e-24	1.48978e-24	-0.4675	0.02298	0.1201	-0.3267	-0.2061	0.7942
0.0115729	7.00332e-24	1.24737e-23	-1.33423e-23	1.02279e-23	-0.3465	0.1578	0.1144	0.0652	-0.1925	0.2813
0.0116729	-2.70248e-24	1.30927e-23	-1.92956e-23	7.98527e-24	-0.3691	0.1232	0.1794	0.2263	-0.202	0.1429
0.0118729	6.18016e-24	1.43307e-23	-2.18493e-23	2.48406e-24	-0.513	0.03833	0.2519	0.1612	-0.2211	0.3518
0.0119729	1.63659e-23	1.28691e-23	-2.28896e-23	6.75054e-26	-0.6392	0.001042	0.2799	0.06709	-0.1985	0.5721
0.0121729	1.4483e-23	9.46307e-24	-1.63627e-23	-4.7445e-24	-0.4856	-0.07318	0.3283	0.01934	-0.146	0.4663
0.0122729	2.82498e-23	6.89961e-24	-1.16214e-24	-1.9947e-23	-0.3145	-0.3078	0.4113	-0.2786	-0.1064	0.5931
0.0123729	2.30549e-23	2.74332e-24	2.62633e-24	-3.11957e-23	-0.1831	-0.4813	0.3426	-0.2642	-0.04232	0.4473
0.0125729	-2.63281e-23	-2.94619e-24	-4.56625e-24	-2.39169e-23	0.1769	-0.369	0.1919	0.3178	0.04546	-0.4946
0.0126729	-5.13339e-23	-5.85932e-24	-2.57318e-24	-1.61974e-23	0.475	-0.2499	0.1553	0.5544	0.09038	-1.029
0.0128729	-4.78663e-23	-5.93386e-24	5.29867e-24	-1.9678e-23	0.6015	-0.3036	0.1566	0.4379	0.09153	-1.039
0.0129729	-4.14495e-23	-6.15423e-24	6.16396e-24	-2.0391e-23	0.5533	-0.3146	0.09901	0.3631	0.09494	-0.9164
0.0131729	-4.0056e-23	-6.89637e-24	1.5815e-24	-1.32969e-23	0.4444	-0.2052	0.02696	0.3956	0.1064	-0.8401
0.0132729	-3.10272e-23	-6.68248e-24	2.21313e-24	-5.4283e-24	0.3646	-0.08373	-0.01924	0.2964	0.1031	-0.661
0.0134729	-8.68528e-24	-5.48988e-24	3.50652e-24	2.8548e-25	0.1615	0.004405	-0.0274	0.05327	0.08469	-0.2148
0.0135729	3.9181e-24	-3.48383e-24	7.00332e-24	1.15793e-24	0.1038	0.01787	-0.02726	-0.1124	0.05377	0.008566
0.0137729	1.35335e-23	-3.96995e-24	1.41978e-23	-2.6717e-24	0.1529	-0.04122	-0.04064	-0.2852	0.06123	0.1324
0.0138729	1.37765e-23	-5.86581e-24	1.27136e-23	-1.73349e-24	0.1198	-0.02675	-0.07463	-0.2725	0.09049	0.1526
0.0140729	9.45983e-24	-7.46351e-24	9.78066e-24	2.74818e-24	0.1039	0.0424	-0.1359	-0.1979	0.1151	0.094
0.0141729	1.11191e-23	-8.40657e-24	7.56073e-24	5.42182e-24	0.04119	0.08363	-0.1562	-0.1921	0.1297	0.1509
0.0143729	1.34168e-23	-8.27046e-24	9.10658e-24	5.89821e-24	0.04931	0.09101	-0.1655	-0.2316	0.1276	0.1823
0.0144729	1.84497e-23	-8.48759e-24	1.25807e-23	4.68616e-24	0.069	0.0723	-0.1864	-0.3192	0.1309	0.2502
0.0146729	1.95516e-23	-9.52464e-24	1.2289e-23	1.47423e-24	0.05172	0.02274	-0.2074	-0.3275	0.1469	0.2758
0.0147729	1.52608e-23	-1.00075e-23	8.54917e-24	-1.10478e-24	0.01888	-0.01704	-0.2237	-0.2449	0.1544	0.226
0.0148729	5.33432e-24	-8.88621e-24	4.96163e-24	-1.22145e-25	0.04723	-0.001885	-0.2362	-0.1059	0.1371	0.0587
0.0150729	-4.62135e-24	-7.13943e-24	3.41902e-24	4.5144e-24	0.1179	0.06966	-0.2641	0.01238	0.1102	-0.1302
0.0151729	-9.62187e-24	-5.01996e-24	2.14248e-24	1.14561e-23	0.1431	0.1767	-0.2883	0.07694	0.07747	-0.22
0.0153729	-1.35756e-23	-2.99934e-24	-1.70335e-24	1.76817e-23	0.1046	0.2728	-0.2675	0.1572	0.04628	-0.2617
0.0154729	-2.01706e-23	8.77278e-26	-1.10413e-23	2.00636e-23	-0.01966	0.3095	-0.1837	0.3211	-0.001353	-0.3014
0.0156729	-2.09743e-23	2.6085e-24	-2.32428e-23	2.06243e-23	-0.2624	0.3182	-0.1072	0.4548	-0.04024	-0.1924
0.0157729	-2.24294e-23	6.3584e-24	-3.17791e-23	1.96229e-23	-0.423	0.3027	-0.005257	0.5576	-0.0981	-0.1345
0.0159729	-2.51517e-23	9.63483e-24	-3.15846e-23	1.72863e-23	-0.3911	0.2667	0.1064	0.5836	-0.1487	-0.1925
0.0160729	-2.97536e-23	1.07561e-23	-2.43901e-23	1.25224e-23	-0.1957	0.1932	0.1285	0.5569	-0.1659	-0.3612
0.0162729	-3.54217e-23	1.29761e-23	-1.27719e-23	6.65007e-24	0.1015	0.1026	0.1577	0.4956	-0.2002	-0.597
0.0163729	-3.68152e-23	1.49627e-23	-1.40877e-24	-1.54909e-24	0.3496	-0.0239	0.1687	0.3931	-0.2309	-0.7427
0.0165729	-2.9248e-23	1.49141e-23	2.73586e-24	-8.10842e-24	0.3571	-0.1251	0.1451	0.2727	-0.2301	-0.6298
0.0166729	-3.89541e-24	1.0377e-23	7.17508e-24	-1.14756e-23	0.1877	-0.1771	0.1559	-0.03372	-0.1601	-0.154
0.0167729	2.82531e-23	6.40702e-24	1.31802e-23	-1.18321e-23	-0.01944	-0.1825	0.2231	-0.4262	-0.09884	0.4456
0.0169729	4.47227e-23	5.57738e-24	9.87465e-24	-8.27694e-24	-0.2568	-0.1277	0.2394	-0.5615	-0.08603	0.8184
0.0170729	4.55977e-23	4.34588e-24	-2.93517e-25	-3.31207e-24	-0.4749	-0.05108	0.2317	-0.4658	-0.06707	0.9407
0.0172729	4.31996e-23	4.54033e-24	-1.11483e-23	-1.0095e-24	-0.6736	-0.01558	0.2417	-0.3296	-0.07003	1.003
0.0173729	3.70097e-23	5.11719e-24	-1.20589e-23	-2.1159e-25	-0.6289	-0.003265	0.2327	-0.2568	-0.07897	0.8856
0.0175729	3.51624e-23	3.37041e-24	-4.53385e-24	-2.04493e-25	-0.4549	-0.003155	0.1875	-0.3149	-0.05202	0.7698
0.0176729	2.99739e-23	4.44959e-25	-7.26906e-26	-1.66608e-24	-0.3098	-0.02571	0.1346	-0.3075	-0.006865	0.6173
0.0178729	1.59349e-23	-1.69946e-24	2.64609e-24	-6.45239e-24	-0.1095	-0.09957	0.105	-0.1911	0.02622	0.3006
0.0179729	4.02829e-24	-4.46903e-24	6.53341e-24	-1.42724e-23	0.09301	-0.2202	0.06531	-0.1086	0.06895	0.01563
0.0181729	-3.6718e-24	-7.70981e-24	8.94778e-24	-1.90979e-23	0.2219	-0.2947	-0.01902	-0.05426	0.119	-0.1676
0.0182729	-4.34264e-24	-1.18904e-23	1.12973e-23	-2.23257e-23	0.277	-0.3445	-0.0984	-0.07152	0.1834	-0.2055
0.0184729	1.68942e-24	-1.50016e-23	1.22437e-23	-2.56734e-23	0.2345	-0.3961	-0.1643	-0.1433	0.2314	-0.09118
0.0185729	4.63431e-24	-1.63983e-23	9.53436e-24	-2.47433e-23	0.1485	-0.3817	-0.1894	-0.1457	0.253	-0.002761
0.0186729	7.1686e-25	-1.97039e-23	4.95839e-24	-1.81192e-23	0.0946	-0.2796	-0.2003	-0.05836	0.304	-0.03624
0.0188729	-5.37321e-24	-1.61067e-23	2.6717e-24	-6.59498e-24	0.1102	-0.1018	-0.1489	0.02778	0.2485	-0.138
0.0189729	-1.32094e-23	-5.30191e-24	1.47099e-24	4.65051e-24	0.1661	0.07173	-0.08716	0.1207	0.08178	-0.2869
0.0191729	-1.93442e-23	4.67644e-24	-4.24542e-24	1.03543e-23	0.1116	0.1597	-0.09226	0.2426	-0.07217	-0.3542
0.0192729	-2.37484e-23	7.81675e-24	-8.58806e-24	1.18288e-23	0.06763	0.1825	-0.1157	0.3326	-0.1206	-0.4002
0.0194729	-3.13253e-23	5.34728e-24	-8.82788e-24	1.07367e-23	0.1406	0.1657	-0.09719	0.413	-0.08249	-0.5536
0.0195729	-3.96671e-23	4.47875e-24	-6.85424e-24	1.19649e-23	0.2669	0.1846	-0.05471	0.4784	-0.06908	-0.7453
0.0197729	-4.0056e-23	3.58106e-24	-1.77562e-24	1.24932e-23	0.3753	0.1928	-0.01448	0.4301	-0.05526	-0.8055
0.0198729	-3.13675e-23	3.25698e-24	1.99859e-24	1.23085e-23	0.3637	0.1899	-0.03301	0.3021	-0.05025	-0.6658
0.0200729	-5.84636e-24	5.55793e-24	5.24682e-24	1.19844e-23	0.1681	0.1849	-0.1057	0.006134	-0.08576	-0.1742
0.0201729	1.35464e-23	4.06393e-24	7.77462e-24	1.09733e-23	0.02062	0.1693	-0.1048	-0.2193	-0.0627	0.1987
0.0203729	2.8629e-24	1.75326e-24	5.24358e-24	8.58806e-24	0.0784	0.1325	-0.08965	-0.08337	-0.02705	0.004969
0.0204729	-5.43478e-24	8.34176e-25	4.59542e-24	1.27525e-23	0.1505	0.1967	-0.08961	0.008631	-0.01287	-0.1591
0.0205729	1.40066e-24	8.04685e-25	3.19346e-24	1.90947e-23	0.05128	0.2946	-0.07384	-0.04725	-0.01242	-0.004031
0.0207729	1.22696e-23	1.54747e-24	-1.90072e-24	2.15026e-23	-0.1653	0.3318	-0.03979	-0.1066	-0.02387	0.2719
0.0208729	1.56789e-23	1.62298e-24	-7.42462e-24	1.7471e-23	-0.314	0.2695	0.008453	-0.08488	-0.02504	0.3989
0.0210729	5.75562e-24	1.83914e-24	-1.15177e-23	9.1001e-24	-0.2961	0.1404	0.06699	0.05924	-0.02838	0.2369
0.0211729	5.78155e-24	2.13438e-24	-1.32807e-23	3.14096e-25	-0.3327	0.004846	0.121	0.07712	-0.03293	0.2556
0.0213729	1.45543e-23	1.93053e-24	-1.11645e-23	-5.83016e-24	-0.3793	-0.08995	0.1375	-0.03489	-0.02979	0.4142
0.0214729	1.14983e-23	4.44959e-25	-2.76276e-24	-8.45519e-24	-0.1751	-0.1304	0.1459	-0.08985	-0.006863	0.265
0.0216729	4.47227e-24	-1.97655e-24	6.5172e-24	-1.08145e-23	0.0881	-0.1669	0.1281	-0.113	0.03049	0.02495
0.0217729	9.4177e-24	-3.24726e-24	4.78339e-24	-1.44409e-23	0.001521	-0.2228	0.1054	-0.146	0.05009	0.1445
0.0219729	1.68974e-23	-2.39526e-24	-3.56809e-24	-1.61423e-23	-0.2472	-0.2491	0.08968	-0.1371	0.03696	0.3843
0.0220729	1.80155e-23	1.33326e-25	-9.22001e-24	-1.44215e-23	-0.3749	-0.2225	0.08024	-0.09047	-0.002057	0.4654
0.0221729	1.66381e-23	3.24726e-24	-7.9237e-24	-1.16117e-23	-0.3341	-0.1791	0.0904	-0.08963	-0.05011	0.4237
0.0223729	1.33909e-23	5.03293e-24	-2.96142e-24	-1.17575e-23	-0.1987	-0.1814	0.1205	-0.1073	-0.07767	0.306
0.0224729	3.8468e-24	4.95191e-24	1.64081e-25	-9.25242e-24	-0.03617	-0.1428	0.1247	-0.04124	-0.07639	0.07741
0.0226729	-7.89777e-24	3.8468e-24	9.25242e-25	-4.78339e-24	0.1003	-0.07382	0.06802	0.07172	-0.05937	-0.172
0.0227729	-1.77562e-23	2.35021e-24	-2.21669e-25	-3.26994e-24	0.1781	-0.05044	0.01426	0.1849	-0.03626	-0.363
0.0229729	-1.65798e-23	2.04072e-25	5.07182e-25	-4.54033e-24	0.181	-0.07003	-0.0137	0.1653	-0.003149	-0.3463
0.0230729	-5.94034e-24	-9.10334e-25	1.11126e-24	-7.31443e-24	0.08396	-0.1129	-0.05229	0.04967	0.01405	-0.1336
0.0232729	-1.70432e-24	-1.86247e-24	-9.02232e-27	-8.08574e-24	0.01734	-0.1247	-0.09714	0.01762	0.02874	-0.03496
0.0233729	-8.40333e-24	-1.62266e-24	-8.71121e-26	-7.97879e-24	0.08464	-0.1231	-0.1255	0.08733	0.02504	-0.172
0.0235729	-1.05293e-23	5.4996e-25	3.27318e-24	-5.28895e-24	0.1756	-0.08159	-0.1105	0.07466	-0.008486	-0.2503
0.0236729	-7.96259e-24	7.81999e-25	2.78966e-24	2.29382e-24	0.1393	0.03539	-0.08185	0.05321	-0.01207	-0.1925
0.0237729	-7.56721e-24	-2.10618e-25	1.2477e-26	9.18436e-24	0.07808	0.1417	-0.06302	0.0777	0.00325	-0.1558
0.0239729	-4.27458e-24	-1.39224e-24	2.19692e-24	1.02441e-23	0.08916	0.158	-0.0555	0.02137	0.02148	-0.1105
0.0240729	-2.15965e-24	-3.78199e-24	4.89033e-24	1.00756e-23	0.1228	0.1555	-0.05532	-0.02809	0.05834	-0.09473
0.0242729	-5.03293e-24	-5.71997e-24	7.71629e-24	1.1051e-23	0.2105	0.1705	-0.06584	-0.0276	0.08824	-0.1829
0.0243729	1.97623e-24	-6.9936e-24	5.83988e-24	1.20395e-23	0.09979	0.1857	-0.08217	-0.08039	0.1079	-0.0194
0.0245729	6.65655e-24	-5.53201e-24	5.62923e-26	1.15696e-23	-0.06732	0.1785	-0.1004	-0.06906	0.08535	0.1364
0.0246729	-1.12228e-24	-1.57534e-24	-3.73986e-24	8.58158e-24	-0.06539	0.1324	-0.08653	0.05001	0.0243	0.01538
0.0248729	-3.82736e-24	-1.5828e-26	-3.25374e-24	3.27967e-24	-0.02753	0.05059	-0.03266	0.07283	0.0002442	-0.0453
0.0249729	-3.18406e-24	-7.28202e-25	-3.41254e-24	2.79841e-24	-0.03743	0.04318	0.04016	0.06784	0.01123	-0.03041
0.0251729	-5.45423e-24	-9.85196e-25	-2.36058e-24	5.9209e-24	0.007539	0.09133	0.05318	0.08038	0.0152	-0.08792
0.0252729	-1.28075e-23	-1.4214e-24	2.62308e-24	6.22553e-24	0.1857	0.09603	0.01478	0.1048	0.02193	-0.2905
0.0253729	-1.68358e-23	-2.37905e-24	7.95935e-24	3.51948e-24	0.3369	0.05429	-0.03279	0.09129	0.0367	-0.4282
0.0255729	-8.64315e-24	5.72321e-25	9.65427e-24	3.13545e-25	0.2875	0.004838	-0.04694	-0.01039	-0.008829	-0.2771
0.0256729	1.33196e-23	5.59682e-24	3.10013e-24	-3.02364e-24	-0.07323	-0.04665	-0.01931	-0.1689	-0.08634	0.2421
0.0258729	2.66716e-23	5.36673e-24	-3.82736e-24	-7.54777e-24	-0.353	-0.1165	0.02574	-0.235	-0.08278	0.588
0.0259729	1.8453e-23	3.01684e-24	-7.22369e-24	-7.69036e-24	-0.3384	-0.1186	0.1058	-0.1155	-0.04655	0.4539
0.0261729	2.83211e-24	2.58322e-24	-1.18353e-23	-3.63939e-24	-0.2726	-0.05613	0.1515	0.09261	-0.03985	0.18
0.0262729	-3.10434e-24	7.38249e-25	-1.19099e-23	-2.15317e-24	-0.2131	-0.03322	0.1335	0.1544	-0.01139	0.05865
0.0264729	-3.6718e-24	-6.48803e-25	-4.78663e-24	-4.08986e-24	-0.06069	-0.06311	0.0747	0.08702	0.01001	-0.02633
0.0265729	-1.94252e-24	-1.73965e-24	3.34448e-24	-5.72969e-24	0.08878	-0.0884	0.0004834	-0.01442	0.02684	-0.07436
0.0266729	2.02873e-24	1.13848e-24	4.71857e-24	-5.87553e-24	0.07621	-0.09067	-0.04215	-0.06941	-0.01756	-0.006805
0.0268729	1.04061e-23	5.18524e-24	1.55914e-24	-7.03248e-24	-0.07498	-0.1085	-0.01106	-0.1231	-0.07999	0.1981
0.0269729	1.21724e-23	6.52692e-24	-2.76373e-24	-8.82139e-24	-0.182	-0.1361	0.04305	-0.09676	-0.1007	0.2788
0.0271729	2.05854e-24	4.40746e-24	-5.29219e-24	-8.03713e-24	-0.13	-0.124	0.09466	0.03326	-0.068	0.09678
0.0272729	-9.01908e-24	3.13253e-24	-5.27274e-24	-4.06393e-24	-0.01572	-0.06268	0.1025	0.147	-0.04833	-0.1313
0.0274729	-6.40377e-24	-1.00334e-25	-4.78339e-24	1.63432e-24	-0.03253	0.02521	0.03066	0.115	0.001548	-0.08252
0.0275729	3.59726e-24	-5.48988e-24	-2.20989e-24	5.44126e-24	-0.08246	0.08394	-0.06172	-0.01427	0.08471	0.09674
0.0277729	7.06489e-24	-7.30471e-24	1.9221e-24	3.71069e-24	-0.03312	0.05727	-0.1329	-0.09243	0.1127	0.1256
0.0278729	2.64188e-24	-4.03153e-24	2.66327e-24	-5.63895e-25	0.02762	-0.0087	-0.1132	-0.05457	0.0622	0.02695
0.0279729	-6.05701e-25	3.02851e-25	4.66996e-24	-2.29965e-24	0.1023	-0.03548	-0.02706	-0.04181	-0.004673	-0.0605
0.0281729	-8.0112e-24	3.49356e-24	5.46395e-24	-4.04125e-24	0.1948	-0.06233	0.02771	0.0262	-0.05391	-0.221
0.0282729	-2.22965e-23	3.57458e-24	-1.11774e-24	-5.57414e-24	0.2063	-0.086	0.00522	0.2408	-0.05514	-0.4472
0.0284729	-2.82077e-23	-9.1876e-25	-7.19128e-24	2.31067e-24	0.1422	0.03565	0.00727	0.3641	0.01417	-0.5063
0.0285729	-1.61261e-23	-7.16212e-24	-2.20405e-24	1.2464e-23	0.1205	0.1923	0.0334	0.1886	0.1105	-0.3091
0.0287729	2.29058e-24	-1.17867e-23	8.05333e-24	9.55057e-24	0.1421	0.1473	-0.05158	-0.1064	0.1818	-0.03572
0.0288729	1.25126e-23	-8.30935e-24	8.52324e-24	4.17736e-24	0.04666	0.06446	-0.1533	-0.2164	0.1282	0.1697
0.0290729	1.23571e-23	-3.11244e-25	-2.57901e-24	2.87975e-24	-0.1801	0.04443	-0.09501	-0.1006	0.004802	0.2807
0.0291729	8.42926e-24	5.36997e-24	-1.1683e-23	-1.5734e-26	-0.327	-0.0002427	0.06774	0.03348	-0.08284	0.2936
0.0292729	1.42918e-24	5.65515e-24	-7.49268e-24	-4.35236e-24	-0.1688	-0.06717	0.08486	0.06237	-0.08725	0.1065
0.0294729	-1.17284e-23	-1.78858e-25	2.70897e-25	-3.89541e-24	0.1262	-0.06009	-0.04134	0.1179	0.00276	-0.2441
0.0295729	-1.62784e-23	-5.3408e-24	3.29911e-24	6.48803e-24	0.2353	0.1001	-0.01887	0.1335	0.08241	-0.3688
0.0297729	-1.06524e-23	-5.54821e-24	2.92804e-25	1.79183e-23	0.1156	0.2765	0.04009	0.1065	0.08561	-0.2221
0.0298729	-6.53989e-25	-2.85577e-24	-1.00172e-24	1.564e-23	-0.01388	0.2413	-0.02408	0.01703	0.04406	-0.00315
0.0300729	7.85564e-24	4.16116e-24	-4.15468e-24	7.39545e-24	-0.1663	0.1141	-0.03997	-0.03808	-0.06421	0.2044
0.0301729	1.06784e-23	8.00148e-24	-1.29048e-23	-4.62459e-25	-0.3753	-0.007134	0.04766	0.0229	-0.1234	0.3524
0.0302729	1.49627e-23	6.96767e-24	-9.91354e-24	-9.14871e-24	-0.3579	-0.1411	0.07014	-0.05194	-0.1075	0.4098
0.0304729	1.7821e-23	4.06717e-24	2.98184e-24	-1.02376e-23	-0.122	-0.1579	0.03907	-0.214	-0.06275	0.3359
0.0305729	1.12163e-23	-8.5038e-26	1.15534e-23	-3.70421e-24	0.1223	-0.05714	0.02481	-0.2342	0.001312	0.1119
0.0307729	-7.93342e-24	-3.95051e-24	1.01825e-23	-3.07971e-25	0.2911	-0.004751	0.04033	-0.02314	0.06096	-0.2679
0.0308729	-2.02937e-23	-2.50609e-24	5.29867e-24	2.51776e-24	0.3177	0.03884	0.07222	0.1542	0.03867	-0.472
0.0310729	-6.11859e-24	3.11082e-24	2.41924e-24	9.5927e-26	0.1127	0.00148	0.04877	0.03805	-0.048	-0.1507
0.0311729	1.29988e-23	6.11535e-24	-4.49496e-24	-3.55837e-24	-0.2262	-0.0549	-0.008084	-0.08748	-0.09433	0.3137
0.0312729	1.48752e-23	3.85976e-24	-1.55071e-23	-4.66024e-24	-0.472	-0.0719	-0.05382	0.00648	-0.05954	0.4655
0.0314729	4.70237e-24	2.13729e-24	-1.33196e-23	-5.5871e-24	-0.3224	-0.08618	-0.002081	0.08863	-0.03298	0.2338
0.0315729	-5.68108e-24	9.51168e-25	2.16614e-24	-8.6626e-24	0.103	-0.1337	0.03074	0.03615	-0.01467	-0.1391
0.0317729	-1.32386e-23	-1.80965e-24	1.23441e-23	-7.27554e-24	0.3901	-0.1123	0.01246	0.009174	0.02792	-0.3993
0.0318729	-1.03705e-23	-3.74634e-24	1.10284e-23	-4.32968e-24	0.3335	-0.06678	-0.01803	-0.006794	0.05778	-0.3268
0.0320729	1.57955e-24	-1.83525e-24	1.77886e-24	-4.12227e-24	0.02034	-0.06359	0.02365	-0.03454	0.02831	0.0142
0.0321729	7.71953e-24	6.2709e-25	-1.21432e-23	1.53159e-24	-0.3292	0.02363	0.03409	0.04548	-0.009676	0.2837
0.0323729	1.05228e-23	-1.15242e-24	-1.40455e-23	8.49732e-24	-0.3971	0.1311	-0.03135	0.03623	0.01778	0.3609
0.0324729	1.17381e-23	-1.77335e-24	-1.4308e-24	1.00108e-23	-0.1502	0.1545	-0.09616	-0.106	0.02736	0.2562
0.0325729	-5.19496e-25	2.85124e-25	8.26398e-24	3.82088e-24	0.1753	0.05896	-0.0712	-0.07965	-0.004399	-0.09568
0.0327729	-1.56108e-23	9.47279e-25	7.10702e-24	-5.08802e-25	0.3067	-0.007848	-0.00709	0.08745	-0.01462	-0.3942
0.0328729	-2.33206e-23	-2.47952e-24	-4.72181e-25	-3.96995e-24	0.2302	-0.06127	-0.002692	0.2447	0.03825	-0.4749
0.0330729	-1.65506e-23	-2.5304e-24	-4.22597e-24	-9.12603e-24	0.08326	-0.1408	0.01572	0.2137	0.03904	-0.297
0.0331729	3.48383e-24	-6.07646e-25	9.20056e-26	-4.74126e-24	-0.03394	-0.07315	0.05487	-0.03677	0.009375	0.07071
0.0333729	1.86604e-23	-5.08154e-25	2.47822e-24	1.11191e-23	-0.1409	0.1716	0.02131	-0.2174	0.007842	0.3584
0.0334729	1.91595e-23	-8.77602e-25	2.09516e-24	1.7471e-23	-0.154	0.2695	-0.03764	-0.2186	0.01354	0.3726
0.0335729	1.23344e-23	-1.52673e-24	6.64035e-24	9.10982e-24	0.009758	0.1405	-0.06882	-0.1952	0.02356	0.1854
0.0337729	-6.88665e-25	-1.67127e-24	6.00192e-24	-1.08469e-25	0.1305	-0.001673	-0.07185	-0.05464	0.02579	-0.07588
0.0338729	-1.59835e-23	1.22339e-24	-7.22693e-25	-9.95242e-24	0.1495	-0.1535	-0.004494	0.1718	-0.01888	-0.3214
0.0340729	-1.54067e-23	3.01878e-24	-3.20156e-24	-1.50826e-23	0.09261	-0.2327	0.0764	0.1914	-0.04658	-0.284
0.0341729	2.06113e-24	5.19172e-25	1.85794e-25	-6.23201e-24	-0.01738	-0.09616	0.1246	-0.02311	-0.008008	0.04049
0.0343729	1.37927e-23	-8.25102e-25	1.92243e-24	6.15423e-24	-0.1023	0.09495	0.1572	-0.1616	0.01273	0.264
0.0344729	1.21756e-23	1.28918e-24	1.28238e-24	1.24413e-23	-0.09885	0.1919	0.06759	-0.1384	-0.01989	0.2373
0.0345729	-4.15468e-25	3.8468e-24	-4.74774e-25	1.24478e-23	-0.005494	0.192	-0.1458	0.009157	-0.05937	-0.003663
0.0347729	-7.81675e-24	5.97599e-26	-8.98019e-25	-3.29263e-25	0.06194	-0.005079	-0.2315	0.08964	-0.0009219	-0.1516
0.0348729	-8.4163e-24	1.24187e-24	-2.15414e-24	-1.50891e-23	0.04226	-0.2328	-0.1277	0.1087	-0.01916	-0.151
0.0350729	-4.95839e-24	3.41902e-24	-2.70281e-24	-1.47423e-23	-0.004612	-0.2275	0.03179	0.07879	-0.05275	-0.07418
0.0351729	8.66908e-24	-5.26302e-26	-1.45608e-25	-4.50792e-24	-0.09216	-0.06953	0.1975	-0.08767	0.0008119	0.1798
0.0352729	1.44863e-23	-1.53451e-24	-3.54865e-24	2.26757e-24	-0.222	0.03499	0.2249	-0.1125	0.02368	0.3345
0.0354729	4.6894e-24	1.87771e-25	-8.54593e-24	9.41446e-24	-0.224	0.1453	0.06141	0.03968	-0.002897	0.1844
0.0355729	-8.29963e-24	-4.03477e-24	-9.07741e-24	9.25242e-24	-0.1013	0.1427	-0.1307	0.1787	0.06223	-0.0774
0.0357729	-1.68099e-23	-3.96347e-24	-5.15608e-24	-3.82412e-24	0.06687	-0.05898	-0.1745	0.2259	0.06116	-0.2928
0.0358729	-1.5734e-23	3.24402e-24	4.13523e-24	-1.2639e-23	0.2469	-0.195	-0.1634	0.1193	-0.05005	-0.3662
0.0360729	-6.36164e-24	6.87693e-24	1.13719e-23	-7.96259e-24	0.2994	-0.1229	-0.05634	-0.05153	-0.1061	-0.2479
0.0361729	5.6908e-24	2.63605e-24	6.0797e-24	-4.29079e-25	0.06651	-0.006622	0.169	-0.121	-0.04067	0.05454
0.0362729	1.15145e-23	-3.50328e-24	-6.38433e-24	4.08338e-24	-0.2498	0.06301	0.1943	-0.05276	0.05407	0.3026
0.0364729	9.00936e-24	-7.70008e-24	-1.91465e-23	7.09082e-24	-0.4865	0.1094	0.02525	0.1042	0.1188	0.3823
0.0365729	2.3353e-24	-5.1107e-24	-1.80058e-23	3.7593e-24	-0.3944	0.05799	-0.1039	0.1612	0.07883	0.2332
0.0367729	-3.48383e-24	6.10562e-25	-7.95935e-25	-2.66554e-24	0.01946	-0.04112	-0.1928	0.04401	-0.00942	-0.06347
0.0368729	-8.08898e-24	3.72689e-24	2.08512e-23	-4.98756e-24	0.5121	-0.07695	-0.1456	-0.1313	-0.0575	-0.3809
0.0370729	-1.26455e-23	1.33941e-24	2.91313e-23	1.28886e-24	0.7294	0.01988	0.08567	-0.1696	-0.02066	-0.5598
0.0371729	-7.42138e-24	-2.42345e-24	1.84173e-23	8.54917e-24	0.4552	0.1319	0.2035	-0.1131	0.03739	-0.3421
0.0372729	4.87413e-24	-3.59078e-24	-5.48015e-24	9.1001e-24	-0.1629	0.1404	0.1036	0.006231	0.05538	0.1567
0.0374729	1.29339e-23	1.57826e-25	-2.85739e-23	-4.20005e-25	-0.7208	-0.006479	-0.05357	0.1609	-0.002435	0.56
0.0375729	1.0646e-23	5.97923e-24	-3.07226e-23	-1.0202e-23	-0.7415	-0.1574	-0.1482	0.2065	-0.09223	0.535
0.0377729	3.4255e-24	3.2505e-24	-5.70377e-24	-8.19268e-24	-0.1525	-0.1264	-0.1349	0.02344	-0.05017	0.1291
0.0378729	-6.30331e-24	-5.20793e-24	2.57156e-23	3.0917e-24	0.5938	0.0477	0.068	-0.1997	0.08034	-0.3941
0.0379729	-1.68294e-23	-9.54085e-24	3.71393e-23	1.03154e-23	0.9369	0.1592	0.2301	-0.2088	0.1472	-0.7281
0.0381729	-1.50988e-23	-7.4149e-25	2.21864e-23	9.34316e-24	0.6117	0.1441	0.1608	-0.07287	0.01144	-0.5388
0.0382729	1.43696e-24	5.72969e-24	-1.02927e-23	-1.09214e-24	-0.2265	-0.01685	-0.02668	0.09109	-0.08838	0.1354
0.0384729	1.89261e-23	1.14367e-23	-3.36069e-23	-1.21205e-23	-0.886	-0.187	-0.195	0.151	-0.1764	0.735
0.0385729	2.06794e-23	6.36813e-24	-3.09267e-23	-9.52464e-24	-0.8489	-0.1469	-0.2269	0.1054	-0.09824	0.7435
0.0387729	8.23805e-24	-8.28342e-24	-4.63755e-24	5.55145e-24	-0.1802	0.08564	-0.04703	-0.03701	0.1278	0.2172
0.0388729	-1.36145e-23	-1.56043e-23	2.10132e-23	1.27298e-23	0.5723	0.1964	0.2311	-0.07611	0.2408	-0.4962
0.0389729	-2.53331e-23	-4.55329e-24	3.03337e-23	8.98343e-24	0.8845	0.1386	0.3081	-0.05144	0.07023	-0.8331
0.0391729	-1.85534e-23	1.29858e-23	1.40812e-23	-3.87597e-24	0.4805	-0.05981	0.1205	0.04599	-0.2003	-0.5265
0.0392729	-5.19821e-25	1.77044e-23	-1.59835e-23	-1.564e-23	-0.3234	-0.2413	-0.1674	0.1697	-0.2731	0.1537
0.0394729	1.85048e-23	8.6788e-24	-2.65971e-23	-1.33228e-23	-0.7374	-0.2056	-0.3644	0.08321	-0.1339	0.6542
0.0395729	2.48308e-23	-7.99824e-24	-1.65312e-23	3.1348e-24	-0.5955	0.04836	-0.3032	-0.08535	0.1234	0.6808
0.0396729	1.30636e-23	-1.76071e-23	1.53224e-24	1.45187e-23	-0.1028	0.224	0.04898	-0.1501	0.2717	0.253
0.0398729	-1.08793e-23	-1.1495e-23	1.74095e-23	1.13136e-23	0.4701	0.1746	0.4111	-0.06716	0.1773	-0.4029
0.0399729	-2.62406e-23	5.9209e-24	2.15058e-23	-2.38165e-24	0.7123	-0.03674	0.3932	0.04871	-0.09137	-0.761
0.0401729	-2.03391e-23	1.74095e-23	5.21765e-24	-1.56886e-23	0.3165	-0.2421	0.0008772	0.1555	-0.2686	-0.472
0.0402729	-7.96907e-28	7.90425e-24	-1.42238e-23	-1.45738e-23	-0.2926	-0.2249	-0.3647	0.1463	-0.122	0.1463
0.0404729	1.74159e-23	-9.41446e-24	-1.73835e-23	1.76784e-24	-0.5367	0.02727	-0.4341	-0.000315	0.1452	0.5371
0.0405729	2.00442e-23	-1.58992e-23	-8.25102e-24	1.47779e-23	-0.3759	0.228	-0.1324	-0.1213	0.2453	0.4972
0.0406729	6.69544e-24	-6.33248e-24	3.89865e-24	1.32353e-23	0.01137	0.2042	0.3136	-0.109	0.09768	0.09759
0.0408729	-1.12228e-23	7.30471e-24	1.01047e-23	-4.75422e-25	0.3233	-0.007336	0.4457	0.01152	-0.1127	-0.3348
0.0409729	-1.79571e-23	1.45965e-23	9.97835e-24	-1.43793e-23	0.3899	-0.2218	0.124	0.08207	-0.2252	-0.472
0.0411729	-9.71261e-24	6.80563e-24	2.97892e-24	-1.64631e-23	0.1612	-0.254	-0.2252	0.06927	-0.105	-0.2305
0.0412729	3.13189e-24	-9.5052e-24	-4.16764e-24	-1.64275e-24	-0.118	-0.02534	-0.3181	0.01066	0.1466	0.1073
0.0413729	1.29242e-23	-1.35821e-23	-3.59726e-24	1.65506e-23	-0.2069	0.2553	-0.1173	-0.09595	0.2096	0.3029
0.0415729	1.3271e-23	-3.15198e-24	3.48708e-24	2.13859e-23	-0.06474	0.33	0.1688	-0.1724	0.04863	0.2371
0.0416729	1.11126e-24	6.75378e-24	3.22846e-24	5.39913e-24	0.05498	0.08332	0.2568	-0.04463	-0.1042	-0.01035
0.0418729	-1.2383e-23	1.00561e-23	-6.51072e-24	-1.29275e-23	-0.006569	-0.1994	0.05602	0.1943	-0.1551	-0.1878
0.0419729	-1.25288e-23	4.0218e-24	-1.02765e-23	-1.86863e-23	-0.08253	-0.2883	-0.1385	0.2346	-0.06207	-0.1521
0.0420729	-2.64933e-24	-4.20005e-24	-6.22877e-25	-1.03964e-23	0.01444	-0.1604	-0.1261	0.03366	0.0648	-0.04809
0.0422729	6.67276e-24	-5.91766e-24	7.53481e-24	5.90145e-24	0.08641	0.09107	0.001962	-0.1461	0.09129	0.05973
0.0423729	9.67372e-24	-8.73065e-25	6.90285e-24	1.80414e-23	0.04248	0.2783	0.08369	-0.1705	0.01347	0.128
0.0425729	6.20933e-24	1.63724e-25	3.44495e-24	1.52284e-23	0.006989	0.235	0.06132	-0.09931	-0.002526	0.09232
0.0426729	-1.3702e-24	-6.19636e-25	-2.32591e-24	5.79451e-25	-0.03375	0.008942	-0.05698	0.03802	0.009561	-0.004262
0.0427729	-9.59918e-24	1.76558e-24	-8.66908e-24	-1.59576e-23	-0.07962	-0.2462	-0.07348	0.1879	-0.02724	-0.1083
0.0429729	-9.72881e-24	5.79451e-24	-5.73942e-24	-1.83979e-23	-0.01802	-0.2839	0.05072	0.1591	-0.0894	-0.1411
0.0430729	-2.17683e-24	6.72137e-24	5.04265e-24	-6.15748e-24	0.1261	-0.09501	0.08861	-0.02947	-0.1037	-0.09664
0.0432729	5.86905e-24	3.82736e-24	9.34316e-24	1.08177e-23	0.1318	0.1669	-0.008448	-0.1565	-0.05907	0.02466
0.0433729	6.91258e-24	-5.85284e-24	1.57858e-24	2.08544e-23	-0.03862	0.3218	-0.1104	-0.08732	0.09032	0.1259
0.0434729	5.49636e-24	-1.49529e-23	-7.49592e-24	1.3271e-23	-0.2107	0.2047	-0.1194	0.02056	0.2307	0.1902
0.0436729	5.92414e-25	-1.11515e-23	-1.13751e-23	-9.24269e-24	-0.2401	-0.1426	0.03626	0.1109	0.1721	0.1292
0.0437729	-4.70561e-24	7.19128e-24	-3.23883e-24	-2.2559e-23	-0.01822	-0.3481	0.2183	0.08173	-0.111	-0.06351
0.0439729	-6.98063e-24	1.75423e-23	9.26862e-24	-1.40488e-23	0.2625	-0.2168	0.1493	-0.02353	-0.2706	-0.239
0.0440729	-3.63939e-24	1.05196e-23	1.30765e-23	6.56257e-24	0.3064	0.1013	-0.1269	-0.09705	-0.1623	-0.2094
0.0441729	1.65182e-24	-6.73433e-24	4.04773e-24	1.96229e-23	0.06627	0.3028	-0.2842	-0.05862	0.1039	-0.00765
0.0443729	6.03757e-24	-1.94187e-23	-1.01922e-23	1.47682e-23	-0.2718	0.2278	-0.1793	0.04273	0.2996	0.2291
0.0444729	4.28107e-24	-1.38414e-23	-1.8871e-23	-4.82552e-24	-0.4322	-0.07443	0.1364	0.1501	0.2136	0.2822
0.0446729	-7.71953e-25	8.63343e-24	-1.07659e-23	-2.25882e-23	-0.2135	-0.3485	0.3729	0.1187	-0.1332	0.09486
0.0447729	-3.89865e-24	1.80025e-23	9.20381e-24	-1.73965e-23	0.2294	-0.2684	0.2284	-0.05454	-0.2777	-0.1749
0.0448729	-5.73942e-24	7.74546e-24	2.01706e-23	7.49916e-24	0.474	0.1157	-0.1495	-0.1484	-0.1195	-0.3256
0.0450729	-3.2142e-24	-5.43154e-24	1.4577e-23	2.626e-23	0.3329	0.4051	-0.3758	-0.1169	0.08379	-0.2161
0.0451729	3.6718e-24	-1.42367e-23	-9.14223e-25	1.85502e-23	-0.05656	0.2862	-0.2891	-0.02835	0.2196	0.08492
0.0453729	7.92046e-24	-9.15519e-24	-1.6502e-23	-9.31399e-24	-0.4209	-0.1437	0.06854	0.08824	0.1412	0.3327
0.0454729	5.02969e-24	1.09798e-23	-2.02775e-23	-2.72614e-23	-0.4689	-0.4206	0.4061	0.1568	-0.1694	0.312
0.0455729	8.54269e-25	1.6003e-23	-4.54033e-24	-2.14896e-23	-0.1022	-0.3315	0.3765	0.03791	-0.2469	0.06428
0.0457729	-4.70885e-24	9.8552e-25	1.3796e-23	4.56625e-24	0.3322	0.07043	0.00131	-0.09346	-0.01521	-0.2387
0.0458729	-9.79363e-24	-1.10543e-23	1.96683e-23	3.06383e-23	0.5053	0.4727	-0.3549	-0.1016	0.1705	-0.4037
0.0460729	-6.63063e-24	-1.18742e-23	1.08047e-23	2.66716e-23	0.2904	0.4115	-0.3972	-0.04293	0.1832	-0.2475
0.0461729	2.11266e-24	-4.85792e-24	-7.03897e-24	-3.20967e-24	-0.1666	-0.04952	-0.09574	0.05069	0.07493	0.1159
0.0462729	9.45983e-24	1.37636e-23	-2.05789e-23	-2.62114e-23	-0.5207	-0.4044	0.2963	0.1144	-0.2124	0.4063
0.0464729	1.07464e-23	1.67807e-23	-1.6946e-23	-2.37387e-23	-0.4592	-0.3662	0.4005	0.06377	-0.2589	0.3954
0.0465729	5.50932e-24	1.19001e-24	1.13492e-24	-3.94078e-25	-0.03331	-0.00608	0.1522	-0.06834	-0.01836	0.1017
0.0467729	-5.8496e-24	-1.11677e-23	1.52154e-23	1.98044e-23	0.3732	0.3056	-0.1943	-0.09632	0.1723	-0.2769
0.0468729	-1.29275e-23	-1.44603e-23	1.68747e-23	1.76233e-23	0.4801	0.2719	-0.3613	-0.04057	0.2231	-0.4395
0.0469729	-9.48899e-24	-6.18988e-24	7.06813e-24	2.3379e-25	0.243	0.003607	-0.2059	0.02489	0.09551	-0.2679
0.0471729	2.31262e-25	1.04061e-23	-7.52184e-24	-1.28432e-23	-0.1571	-0.1982	0.1037	0.07497	-0.1605	0.08211
0.0472729	9.94918e-24	1.51247e-23	-1.52803e-23	-8.40657e-24	-0.4167	-0.1297	0.2981	0.05483	-0.2333	0.3619
0.0474729	1.47682e-23	3.78523e-24	-9.38205e-24	3.94402e-24	-0.3449	0.06083	0.1982	-0.0554	-0.05839	0.4003
0.0475729	8.36444e-24	-6.87693e-24	2.33952e-24	7.31119e-24	-0.03792	0.1128	-0.05191	-0.1101	0.1061	0.148
0.0476729	-5.98895e-24	-9.88761e-24	9.39501e-24	-1.0821e-24	0.2548	-0.01669	-0.24	-0.03502	0.1526	-0.2198
0.0478729	-1.7672e-23	-4.90329e-24	7.55749e-24	-8.3612e-24	0.3373	-0.129	-0.1781	0.104	0.07567	-0.4413
0.0479729	-1.63368e-23	3.55189e-24	1.13427e-24	-5.61951e-24	0.1914	-0.08668	0.03961	0.1564	-0.05482	-0.3477
0.0481729	-1.30863e-24	5.21441e-24	-6.09266e-24	5.21765e-24	-0.1119	0.08048	0.2287	0.07614	-0.08043	0.03576
0.0482729	1.31251e-23	1.18094e-24	-9.55381e-24	1.34914e-23	-0.3316	0.2081	0.1979	-0.03671	-0.01822	0.3683
0.0483729	1.66252e-23	-1.41525e-24	-3.31531e-24	7.43434e-24	-0.2392	0.1147	-0.03016	-0.1369	0.02184	0.3761
0.0485729	9.79363e-24	-1.7202e-24	7.49592e-24	-6.21905e-24	0.05351	-0.09595	-0.2472	-0.1778	0.02654	0.1243
0.0486729	-3.46115e-24	8.88297e-25	1.02052e-23	-1.4658e-23	0.2456	-0.2262	-0.2555	-0.06936	-0.0137	-0.1762
0.0487729	-1.51182e-23	3.00841e-24	4.06069e-24	-1.25515e-23	0.239	-0.1937	-0.02206	0.1137	-0.04641	-0.3528
0.0489729	-1.40941e-23	8.68528e-26	-1.64048e-24	1.08598e-24	0.1112	0.01676	0.2487	0.1618	-0.00134	-0.273
0.0490729	-4.34588e-24	-3.73662e-24	-1.05001e-23	1.34784e-23	-0.1713	0.2079	0.3287	0.1527	0.05764	0.01861
0.0492729	4.95191e-24	-2.40012e-24	-1.58344e-23	1.29048e-23	-0.3767	0.1991	0.1168	0.1119	0.03703	0.2647
0.0493729	1.19423e-23	1.91011e-24	-4.83524e-24	5.70053e-24	-0.2223	0.08796	-0.219	-0.07311	-0.02947	0.2954
0.0494729	1.31673e-23	4.62135e-24	1.21075e-23	-4.5144e-24	0.1136	-0.06967	-0.3823	-0.26	-0.07128	0.1464
0.0496729	7.03248e-24	2.06891e-24	2.03035e-23	-1.10705e-23	0.3453	-0.1708	-0.2014	-0.2812	-0.03192	-0.06417
0.0497729	-4.34264e-24	-2.78739e-24	1.3271e-23	-6.9936e-24	0.3177	-0.1079	0.1265	-0.09183	0.043	-0.2258
0.0499729	-1.21594e-23	-3.12832e-24	-3.50652e-24	-1.12649e-24	0.05291	-0.01738	0.3425	0.1611	0.04826	-0.214
0.0500729	-1.18061e-23	2.0472e-25	-1.93863e-23	1.82942e-24	-0.2773	0.02822	0.2792	0.3208	-0.003158	-0.0435
0.0501729	-5.46071e-24	2.7242e-24	-2.38683e-23	5.44126e-24	-0.4348	0.08396	-0.006235	0.3017	-0.04203	0.1332
0.0503729	4.13199e-24	3.27643e-24	-1.06848e-23	6.3584e-24	-0.2623	0.09809	-0.2606	0.06738	-0.05054	0.1949
0.0504729	1.17251e-23	-1.37765e-25	1.4039e-23	3.38337e-24	0.1682	0.05221	-0.271	-0.265	0.002125	0.09678
0.0505729	9.44038e-24	-5.65515e-24	2.74332e-23	-8.61722e-25	0.4673	-0.0133	-0.09813	-0.3793	0.08724	-0.08798
0.0507729	-3.14161e-25	-3.89865e-24	1.83558e-23	-6.30007e-24	0.3808	-0.0972	0.1092	-0.1856	0.06014	-0.1953
0.0508729	-6.16396e-24	1.81516e-24	-2.94392e-24	-8.33852e-24	0.002847	-0.1286	0.2321	0.09369	-0.02801	-0.09653
0.0510729	-5.89173e-24	4.59542e-24	-2.04785e-23	-2.41503e-24	-0.3607	-0.03726	0.1804	0.2712	-0.07089	0.08943
0.0511729	-3.53893e-24	3.71069e-24	-2.44257e-23	4.41394e-24	-0.4661	0.06812	0.002571	0.2876	-0.05724	0.1785
0.0512729	-2.69989e-25	-7.64175e-25	-1.16571e-23	7.48943e-24	-0.237	0.1156	-0.1453	0.1227	0.01179	0.1143
0.0514729	3.24726e-24	-6.40377e-24	1.13913e-23	5.00052e-24	0.201	0.07715	-0.1758	-0.1506	0.09881	-0.0504
0.0515729	3.30883e-24	-5.81071e-24	2.57512e-23	-3.50328e-24	0.4957	-0.05407	-0.0953	-0.2989	0.08967	-0.1968
0.0517729	1.55525e-26	2.57739e-25	1.87122e-23	-8.11166e-24	0.3848	-0.1252	0.04636	-0.1926	-0.003977	-0.1922
0.0518729	-1.15663e-24	4.99728e-24	3.73337e-25	-3.30559e-24	0.01958	-0.05102	0.1296	0.008057	-0.07712	-0.02763
0.0519729	7.43758e-25	6.95471e-24	-1.43372e-23	3.72041e-24	-0.3026	0.05738	0.1157	0.1398	-0.1073	0.1628
0.0521729	2.52165e-24	5.1107e-24	-1.99535e-23	6.69544e-24	-0.4364	0.1033	0.03797	0.1793	-0.07884	0.2571
0.0522729	6.04729e-25	-2.55438e-24	-1.51182e-23	1.89132e-24	-0.3172	0.02918	-0.06576	0.1493	0.03941	0.1679
0.0523729	-1.00561e-24	-7.22045e-24	1.30409e-24	-5.3408e-24	0.03717	-0.08242	-0.1054	-0.00307	0.1114	-0.0341
0.0525729	-3.31856e-24	-5.08154e-24	1.58182e-23	-3.90514e-24	0.3595	-0.06027	-0.06443	-0.1286	0.07838	-0.231
0.0526729	-3.43522e-24	-2.26141e-24	1.83007e-23	2.39331e-24	0.4118	0.03693	-0.01298	-0.1529	0.03489	-0.2589
0.0528729	1.21691e-24	2.39753e-24	9.94594e-24	4.95191e-24	0.1921	0.07639	0.03993	-0.1148	-0.03699	-0.07727
0.0529729	3.70421e-24	6.52044e-24	-5.72645e-24	5.03293e-24	-0.1559	0.07764	0.0748	0.02079	-0.1006	0.1351
0.0530729	2.01447e-24	4.56625e-24	-1.87187e-23	-1.91822e-24	-0.4058	-0.02959	0.02565	0.1718	-0.07046	0.234
0.0532729	-2.80911e-25	1.3702e-24	-1.60937e-23	-9.54085e-24	-0.3282	-0.1472	-0.002378	0.1684	-0.02114	0.1598
0.0533729	4.66672e-25	-1.14626e-24	-2.19498e-24	-5.36349e-24	-0.04995	-0.08274	-0.00418	0.01778	0.01769	0.03218
0.0534729	2.88624e-25	-4.01208e-24	9.87141e-24	2.17197e-24	0.2001	0.03351	-0.02978	-0.1045	0.06191	-0.0956
0.0536729	-6.48803e-25	-5.52876e-24	1.48168e-23	8.13111e-24	0.3115	0.1254	-0.01004	-0.1457	0.0853	-0.1657
0.0537729	-2.02386e-24	-4.01532e-24	8.15379e-24	9.32047e-24	0.1885	0.1438	0.03388	-0.06305	0.06195	-0.1255
0.0539729	-2.62049e-24	-1.15631e-24	-2.69017e-24	-8.48435e-25	-0.02839	-0.01309	-0.000742	0.05462	0.01784	-0.02623
0.0540729	-2.27762e-24	4.84496e-24	-8.21861e-24	-1.12876e-23	-0.1457	-0.1741	-0.04597	0.108	-0.07477	0.03769
0.0541729	6.16396e-25	7.04869e-24	-7.8362e-24	-8.93482e-24	-0.1675	-0.1378	-0.01195	0.07426	-0.1087	0.09327
0.0543729	4.92274e-24	3.21031e-24	-7.63203e-25	-7.75518e-25	-0.06634	-0.01197	0.01829	-0.04279	-0.04953	0.1091
0.0544729	5.19496e-24	-6.65007e-25	5.59358e-24	5.78479e-24	0.06165	0.08926	0.02799	-0.111	0.01026	0.04933
0.0545729	-3.14841e-26	-2.36512e-24	2.50156e-24	1.01631e-23	0.05179	0.1568	0.08695	-0.02541	0.03649	-0.02638
0.0547729	-5.04589e-24	-5.7783e-24	-3.56485e-24	5.38293e-24	-0.02145	0.08304	0.05259	0.08859	0.08914	-0.06714
0.0548729	-5.63571e-24	-5.71349e-24	-3.52596e-24	-2.7942e-24	-0.01455	-0.04311	-0.0907	0.09421	0.08813	-0.07965
0.0550729	-2.63021e-24	-1.56011e-24	3.56809e-25	-6.3584e-24	0.03439	-0.0981	-0.1712	0.02338	0.02407	-0.05778
0.0551729	2.53396e-24	3.35744e-24	6.83156e-24	-7.995e-24	0.1145	-0.1234	-0.1185	-0.09633	-0.0518	-0.01814
0.0552729	4.31023e-24	7.78759e-24	8.25102e-24	-4.69589e-24	0.1254	-0.07246	0.05738	-0.1292	-0.1201	0.003761
0.0554729	7.52832e-25	8.22509e-24	-2.28993e-25	4.40097e-24	-0.01245	0.06788	0.2093	-0.005388	-0.1269	0.01784
0.0555729	-9.89085e-25	3.04277e-24	-9.74826e-24	7.33388e-24	-0.1903	0.1132	0.1912	0.1104	-0.04695	0.07991
0.0556729	-2.87522e-25	-3.46439e-24	-1.28108e-23	6.30007e-24	-0.2605	0.09721	0.01784	0.1347	0.05345	0.1258
0.0558729	7.97879e-25	-1.02635e-23	-9.34316e-24	3.83708e-24	-0.2004	0.0592	-0.19	0.08788	0.1583	0.1125
0.0559729	2.43544e-24	-1.16052e-23	4.07042e-24	-3.05216e-24	0.0587	-0.04709	-0.2598	-0.06692	0.1791	0.008223
0.0560729	1.90396e-24	-3.49032e-24	1.75132e-23	-7.98851e-24	0.3407	-0.1232	-0.07874	-0.1997	0.05384	-0.141
0.0562729	-2.49767e-24	7.94638e-24	1.80187e-23	-7.45703e-24	0.3963	-0.1151	0.1663	-0.1596	-0.1226	-0.2367
0.0563729	-7.23989e-24	1.36339e-23	5.49636e-24	-4.0056e-24	0.1875	-0.0618	0.2467	0.01793	-0.2104	-0.2054
0.0565729	-5.77506e-24	1.16862e-23	-1.10057e-23	4.15792e-24	-0.167	0.06413	0.1085	0.1726	-0.1803	-0.005578
0.0566729	2.1159e-24	1.1939e-24	-1.94868e-23	9.57325e-24	-0.4226	0.1477	-0.1083	0.1787	-0.01842	0.244
0.0567729	1.05066e-23	-1.2652e-23	-1.54391e-23	7.20425e-24	-0.4256	0.1112	-0.2165	0.05074	0.1952	0.3749
0.0569729	1.17446e-23	-1.68131e-23	-3.27967e-24	1.76493e-24	-0.1883	0.02723	-0.1115	-0.08706	0.2594	0.2754
0.0570729	3.43198e-24	-7.13619e-24	1.15307e-23	-6.49128e-24	0.2019	-0.1001	0.07036	-0.1539	0.1101	-0.04804
0.0571729	-7.77462e-24	6.96119e-24	2.00539e-23	-1.11061e-23	0.4925	-0.1714	0.1534	-0.1263	-0.1074	-0.3662
0.0573729	-1.38187e-23	1.4859e-23	1.47391e-23	-3.57458e-24	0.4454	-0.05517	0.09279	-0.009477	-0.2292	-0.4359
0.0574729	-1.44928e-23	9.5214e-24	-1.09635e-24	3.64263e-24	0.1265	0.05621	-0.03308	0.1603	-0.1469	-0.2869
0.0575729	-6.99035e-24	-2.42216e-24	-1.4509e-23	5.60654e-24	-0.2265	0.08648	-0.1296	0.2211	0.03737	0.005424
0.0577729	8.63667e-24	-1.07075e-23	-1.90493e-23	6.66628e-24	-0.4807	0.1029	-0.08801	0.1071	0.1652	0.3736
0.0578729	1.73544e-23	-9.46955e-24	-1.5358e-23	1.22501e-24	-0.4944	0.0189	0.0578	-0.02055	0.1461	0.515
0.0580729	1.42302e-23	8.41306e-26	-1.2033e-24	-3.08878e-24	-0.1711	-0.04765	0.137	-0.134	-0.001298	0.3051
0.0581729	6.5885e-24	7.55749e-24	1.84595e-23	-8.23157e-25	0.312	-0.0127	0.09579	-0.2577	-0.1166	-0.05432
0.0582729	-4.15792e-24	4.832e-24	2.71188e-23	-1.82618e-24	0.6007	-0.02818	-0.03729	-0.2362	-0.07457	-0.3645
0.0584729	-1.60645e-23	-1.3433e-24	1.55266e-23	-4.95515e-24	0.4847	-0.07647	-0.138	0.005529	0.02073	-0.4902
0.0585729	-1.76266e-23	-3.51948e-24	-6.37461e-24	-3.03304e-24	0.05016	-0.04679	-0.1216	0.2469	0.05432	-0.2971
0.0586729	-7.9237e-24	-5.90469e-25	-2.38586e-23	-2.46234e-24	-0.4093	-0.03799	-0.0006725	0.3269	0.009109	0.08243
0.0588729	6.22553e-24	4.43986e-24	-2.65549e-23	2.09743e-24	-0.6103	0.03236	0.1048	0.2091	-0.06849	0.4012
0.0589729	1.64891e-23	5.96951e-24	-1.33099e-23	1.00821e-23	-0.4434	0.1556	0.1166	-0.03269	-0.09208	0.4761
0.0591729	1.66122e-23	4.34588e-26	1.02992e-23	7.98527e-24	0.04099	0.1232	0.04443	-0.2768	-0.0006703	0.2358
0.0592729	7.24314e-24	-7.77462e-24	3.02494e-23	8.4325e-25	0.5478	0.01301	-0.04524	-0.3856	0.1199	-0.1622
0.0593729	-6.39729e-24	-9.98483e-24	2.64285e-23	-4.84172e-24	0.6094	-0.07471	-0.1064	-0.206	0.1541	-0.4034
0.0595729	-1.68585e-23	-2.94846e-24	3.38337e-24	-1.1252e-23	0.243	-0.1736	-0.1073	0.1386	0.04549	-0.3816
0.0596729	-1.69104e-23	7.96259e-24	-1.83136e-23	-1.07335e-23	-0.2028	-0.1656	-0.02316	0.3623	-0.1228	-0.1595
0.0597729	-6.851e-24	1.29307e-23	-2.81915e-23	-2.84346e-25	-0.5095	-0.004387	0.05515	0.3604	-0.1995	0.1491
0.0599729	8.54593e-24	7.80379e-24	-1.9221e-23	8.8376e-24	-0.4833	0.1364	0.09313	0.1098	-0.1204	0.3735
0.0600729	1.70562e-23	-3.61023e-24	2.27243e-25	1.33941e-23	-0.1708	0.2067	0.11	-0.1778	0.05572	0.3486
0.0601729	1.34298e-23	-1.26617e-23	1.73965e-23	1.03899e-23	0.2197	0.1603	0.04457	-0.3171	0.1953	0.09734
0.0603729	5.4445e-24	-1.20524e-23	2.52521e-23	-3.338e-24	0.4635	-0.05148	-0.0472	-0.3157	0.1859	-0.1477
0.0604729	-3.59726e-24	-3.9181e-24	1.60678e-23	-1.17964e-23	0.3675	-0.182	-0.09498	-0.1283	0.06044	-0.2393
0.0606729	-1.4308e-23	7.20101e-24	-5.94358e-24	-1.11353e-23	0.02487	-0.1718	-0.09573	0.2083	-0.1111	-0.2332
0.0607729	-1.49951e-23	1.19423e-23	-1.77951e-23	-7.77786e-24	-0.2118	-0.12	-0.05667	0.3373	-0.1842	-0.1254
0.0608729	-6.81211e-24	8.40981e-24	-1.6003e-23	2.24229e-24	-0.2591	0.03459	0.02702	0.2347	-0.1298	0.02445
0.0610729	3.22879e-24	-1.12649e-24	-1.01501e-23	1.17251e-23	-0.242	0.1809	0.127	0.07118	0.01738	0.1708
0.0611729	1.18256e-23	-8.30287e-24	1.75002e-24	9.68344e-24	-0.08564	0.1494	0.1404	-0.1396	0.1281	0.2253
0.0612729	1.41752e-23	-8.25426e-24	1.35691e-23	6.0959e-24	0.1333	0.09404	0.045	-0.2854	0.1273	0.1521
0.0614729	8.35796e-24	-3.43846e-24	1.51279e-23	3.11341e-24	0.2252	0.04804	-0.1	-0.2416	0.05306	0.01633
0.0615729	-1.22501e-24	3.2667e-24	8.21861e-24	-8.90889e-24	0.1817	-0.1375	-0.1928	-0.07194	-0.05038	-0.1097
0.0616729	-1.21756e-23	5.71673e-24	-2.62179e-24	-1.56173e-23	0.0713	-0.2409	-0.117	0.1522	-0.08818	-0.2235
0.0618729	-1.52057e-23	5.11719e-24	-8.29639e-24	-1.18839e-23	-0.0143	-0.1833	0.07192	0.2417	-0.07893	-0.2274
0.0619729	-9.74177e-24	2.76795e-24	-1.01728e-23	-2.18104e-24	-0.1091	-0.03365	0.2155	0.2048	-0.0427	-0.09576
0.0620729	7.13619e-25	-7.0098e-25	-1.20362e-23	1.31802e-23	-0.255	0.2034	0.1484	0.1165	0.01081	0.1385
0.0622729	1.21237e-23	-4.56301e-24	-6.49128e-24	2.13826e-23	-0.2582	0.3299	-0.06855	-0.05795	0.07041	0.3162
0.0623729	1.73868e-23	-6.19312e-24	7.4473e-24	1.29566e-23	-0.02564	0.1999	-0.2124	-0.2554	0.09553	0.281
0.0624729	1.00691e-23	-3.88245e-24	1.60905e-23	-4.17736e-24	0.2274	-0.06446	-0.15	-0.2691	0.05992	0.04165
0.0626729	-2.96693e-24	1.24316e-24	1.20589e-23	-1.97785e-23	0.2786	-0.3052	0.01852	-0.09352	-0.01918	-0.1851
0.0627729	-1.18742e-23	6.41674e-24	4.55653e-24	-2.38197e-23	0.2159	-0.3675	0.1786	0.07526	-0.099	-0.2911
0.0629729	-1.45705e-23	6.17044e-24	-3.41578e-24	-7.20101e-24	0.07964	-0.1111	0.1996	0.185	-0.09518	-0.2646
0.0630729	-1.09603e-23	1.99599e-24	-1.54812e-23	1.53483e-23	-0.2057	0.2368	0.03697	0.272	-0.03079	-0.06625
0.0631729	8.63667e-25	-2.9611e-24	-1.85308e-23	2.34567e-23	-0.3901	0.3619	-0.1878	0.1817	0.04569	0.2084
0.0633729	1.19617e-23	-6.64359e-24	-7.60934e-24	1.65928e-23	-0.2795	0.256	-0.221	-0.04479	0.1025	0.3243
0.0634729	1.39418e-23	-6.36813e-24	6.60794e-24	-1.75585e-25	-0.007456	-0.002709	-0.04543	-0.2114	0.09824	0.2188
0.0635729	9.38853e-24	8.49408e-26	1.83298e-23	-1.79798e-23	0.2805	-0.2774	0.1848	-0.2851	-0.001311	0.004591
0.0637729	1.98465e-24	6.29035e-24	2.14993e-23	-2.27859e-23	0.4219	-0.3516	0.2511	-0.2416	-0.09705	-0.1803
0.0638729	-8.80195e-24	6.44915e-24	9.34964e-24	-1.17543e-23	0.2829	-0.1813	0.09134	-0.005638	-0.09948	-0.2773
0.0639729	-1.60386e-23	1.93863e-24	-1.02409e-23	5.55793e-24	-0.0457	0.08573	-0.148	0.2703	-0.02991	-0.2246
0.0641729	-1.31413e-23	-2.1253e-24	-2.38229e-23	1.79183e-23	-0.3549	0.2764	-0.2946	0.3802	0.03279	-0.0253
0.0642729	-1.284e-24	-5.61302e-24	-2.28604e-23	1.86021e-23	-0.457	0.287	-0.2232	0.2483	0.0866	0.2087
0.0643729	1.00659e-23	-5.01348e-24	-9.72881e-24	5.61951e-24	-0.3037	0.08672	0.05136	-0.003477	0.07733	0.3071
0.0645729	1.54002e-23	9.06121e-25	1.00983e-23	-8.3288e-24	0.04931	-0.1285	0.3351	-0.2623	-0.01398	0.2129
0.0646729	1.0633e-23	5.68756e-24	2.53202e-23	-1.25872e-23	0.4115	-0.1942	0.3711	-0.3698	-0.08773	-0.0417
0.0647729	-1.3877e-24	3.63939e-24	2.57382e-23	-1.08566e-23	0.5437	-0.1675	0.06088	-0.2505	-0.05616	-0.2933
0.0649729	-1.0876e-23	-5.43478e-25	1.13038e-23	-4.37829e-24	0.3444	-0.06754	-0.3366	-0.004383	0.008386	-0.34
0.0650729	-1.30474e-23	-5.13339e-24	-1.10802e-23	5.13663e-24	-0.09376	0.07924	-0.4236	0.2482	0.07921	-0.1544
0.0651729	-7.04869e-24	-4.48523e-24	-2.51873e-23	8.24454e-24	-0.4456	0.1272	-0.1235	0.3316	0.06921	0.114
0.0653729	4.68292e-24	2.68174e-24	-2.2841e-23	5.70053e-24	-0.5181	0.08796	0.2541	0.1868	-0.04137	0.3313
0.0654729	1.51085e-23	8.97371e-24	-8.46491e-24	4.39773e-24	-0.3296	0.06784	0.3905	-0.06833	-0.1384	0.3979
0.0655729	1.41719e-23	2.63054e-24	1.08922e-23	9.54733e-25	0.07829	0.01473	0.1877	-0.2578	-0.04058	0.1795
0.0657729	1.71664e-24	-7.30471e-24	2.24035e-23	-3.1455e-24	0.4432	-0.04853	-0.1716	-0.2481	0.1127	-0.1951
0.0658729	-1.15696e-23	-8.09222e-24	1.82358e-23	-5.66488e-24	0.4941	-0.08738	-0.3757	-0.06856	0.1248	-0.4256
0.0660729	-1.4577e-23	-4.2519e-24	3.07128e-24	-7.82323e-24	0.2131	-0.1207	-0.2227	0.1183	0.06559	-0.3315
0.0661729	-8.72741e-24	5.56441e-24	-1.22728e-23	-7.68064e-24	-0.1627	-0.1185	0.1478	0.216	-0.08587	-0.05334
0.0662729	4.05745e-25	1.47844e-23	-2.09516e-23	-6.4459e-25	-0.4352	-0.009944	0.3648	0.2113	-0.2281	0.2239
0.0664729	8.49732e-24	9.9978e-24	-1.61553e-23	1.08112e-23	-0.4197	0.1668	0.2325	0.07875	-0.1543	0.341
0.0665729	1.25937e-23	-8.0274e-24	-4.27782e-25	1.68261e-23	-0.1383	0.2596	-0.1158	-0.1251	0.1239	0.2635
0.0666729	6.22553e-24	-1.96391e-23	1.33747e-23	1.02635e-23	0.2111	0.1583	-0.3826	-0.2016	0.303	-0.009468
0.0668729	-3.73337e-24	-1.38705e-23	1.88257e-23	-3.49032e-24	0.4257	-0.05385	-0.2882	-0.1553	0.214	-0.2704
0.0669729	-7.38897e-24	3.14517e-24	1.37992e-23	-1.67127e-23	0.3598	-0.2579	0.1139	-0.06593	-0.04853	-0.2939
0.0670729	-6.33248e-24	1.87609e-23	-2.55632e-25	-2.08641e-23	0.05986	-0.3219	0.3964	0.06775	-0.2894	-0.1276
0.0672729	-3.2505e-24	2.07183e-23	-1.36534e-23	-1.0108e-23	-0.2475	-0.1559	0.3048	0.1739	-0.3196	0.07356
0.0673729	1.15015e-24	5.24034e-24	-1.70206e-23	7.84916e-24	-0.3619	0.1211	-0.0473	0.1632	-0.08087	0.1987
0.0674729	4.74774e-24	-1.62395e-23	-9.70288e-24	2.2679e-23	-0.2484	0.3499	-0.3534	0.05095	0.2505	0.1975
0.0676729	5.1107e-24	-2.49864e-23	2.42605e-24	2.32364e-23	-0.002668	0.3585	-0.3686	-0.07753	0.3855	0.0802
0.0677729	3.02494e-24	-1.24251e-23	1.26682e-23	7.84592e-24	0.2295	0.1211	-0.02037	-0.1614	0.1917	-0.06808
0.0678729	-8.41954e-25	1.1333e-23	1.33261e-23	-1.49756e-23	0.2828	-0.2311	0.3636	-0.1284	-0.1749	-0.1544
0.0680729	-4.6732e-24	2.58841e-23	4.98756e-24	-2.89207e-23	0.1507	-0.4462	0.3865	-0.003229	-0.3993	-0.1475
0.0681729	-4.22273e-24	1.92891e-23	-4.46255e-24	-2.36188e-23	-0.04838	-0.3644	0.01676	0.08935	-0.2976	-0.04096
0.0682729	-1.11515e-24	-5.36349e-24	-8.59454e-24	6.4297e-25	-0.1653	0.00992	-0.3487	0.09986	0.08277	0.06545
0.0684729	1.52316e-24	-2.48892e-23	-6.72785e-24	2.50933e-23	-0.154	0.3872	-0.3609	0.05352	0.384	0.1005
0.0685729	3.71069e-24	-2.10132e-23	-1.06784e-24	3.0136e-23	-0.06015	0.465	-0.04338	-0.0272	0.3242	0.08734
0.0686729	3.65884e-24	-9.04501e-25	2.83341e-24	1.41071e-23	0.02066	0.2177	0.2983	-0.06677	0.01396	0.04611
0.0688729	4.80607e-25	1.88678e-23	2.53234e-24	-1.15469e-23	0.04715	-0.1782	0.3585	-0.03099	-0.2911	-0.01616
0.0689729	-1.89521e-24	2.30354e-23	2.4241e-25	-2.83406e-23	0.02448	-0.4372	0.09366	0.017	-0.3554	-0.04148
0.0690729	-2.14215e-24	5.12367e-24	-6.30331e-25	-2.21442e-23	0.009065	-0.3416	-0.2392	0.02852	-0.07904	-0.03758
0.0692729	-4.27134e-24	-1.73641e-23	-1.86507e-24	-1.86701e-24	0.005585	-0.02881	-0.3557	0.06313	0.2679	-0.06872
0.0693729	-5.0945e-24	-2.29382e-23	-9.99131e-25	1.53029e-23	0.03183	0.2361	-0.1422	0.06267	0.3539	-0.0945
0.0694729	1.95386e-24	-6.86721e-24	4.3232e-24	2.09678e-23	0.06881	0.3235	0.1847	-0.06455	0.1059	-0.004261
0.0696729	7.53481e-24	1.70659e-23	5.35376e-24	1.12844e-23	0.03265	0.1741	0.3327	-0.1326	-0.2633	0.09994
0.0697729	5.50608e-24	2.44549e-23	-2.47952e-24	-4.06717e-24	-0.1076	-0.06274	0.1727	-0.03111	-0.3773	0.1387
0.0698729	1.57534e-24	7.54129e-24	-8.64963e-24	-1.03964e-23	-0.1941	-0.1604	-0.1063	0.07276	-0.1163	0.1214
0.0700729	-2.15382e-24	-1.68812e-23	-5.51904e-24	-7.13619e-24	-0.09136	-0.1101	-0.2725	0.07891	0.2604	0.01245
0.0701729	-6.75054e-24	-2.51063e-23	9.03528e-25	-4.90654e-24	0.08803	-0.07571	-0.1878	0.06015	0.3874	-0.1482
0.0702729	-7.17508e-24	-1.05747e-23	7.31767e-24	-2.731e-24	0.2243	-0.04213	0.0384	-0.001492	0.1632	-0.2229
0.0704729	-1.35108e-24	1.51312e-23	1.11936e-23	9.80335e-25	0.2441	0.01513	0.1669	-0.1012	-0.2335	-0.1429
0.0705729	2.07961e-24	2.83762e-23	6.00192e-24	3.55513e-24	0.1021	0.05487	0.1352	-0.08314	-0.4378	-0.01897
0.0706729	4.24542e-24	1.43242e-23	-5.43802e-24	6.51072e-24	-0.1555	0.1005	0.001587	0.01225	-0.221	0.1433
0.0708729	8.11815e-24	-1.34881e-23	-1.25094e-23	1.03543e-23	-0.3408	0.1598	-0.1043	0.04516	0.2081	0.2957
0.0709729	6.36813e-24	-3.03142e-23	-1.02311e-23	6.48155e-24	-0.276	0.1	-0.08451	0.03974	0.4677	0.2362
0.0710729	-6.851e-25	-2.0365e-23	-1.44474e-24	-6.72137e-24	-0.02267	-0.1037	0.05902	0.02191	0.3142	0.000767
0.0712729	-5.98571e-24	8.30287e-24	8.12463e-24	-1.58377e-23	0.2287	-0.2443	0.1463	-0.022	-0.1281	-0.2067
0.0713729	-8.9964e-24	3.2155e-23	1.10316e-23	-1.45414e-23	0.3195	-0.2244	0.04925	-0.02094	-0.4961	-0.2985
0.0714729	-8.42278e-24	2.89823e-23	6.55609e-24	-5.23709e-24	0.2215	-0.08082	-0.1301	0.01918	-0.4472	-0.2407
0.0716729	3.98616e-25	-1.8359e-24	-1.81872e-24	1.01663e-23	-0.04152	0.1569	-0.2043	0.01461	0.02832	0.02691
0.0717729	1.04353e-23	-3.20091e-23	-8.41306e-24	2.37419e-23	-0.2804	0.3663	-0.1154	-0.02082	0.4938	0.3012
0.0718729	1.1252e-23	-3.55189e-23	-8.79547e-24	1.86409e-23	-0.2967	0.2876	0.09452	-0.02525	0.5479	0.3219
0.0720729	3.38661e-24	-8.77278e-24	-4.26162e-24	-3.46115e-24	-0.1225	-0.05342	0.2873	0.008979	0.1353	0.1135
0.0721729	-5.02644e-24	2.73197e-23	2.38229e-24	-2.11558e-23	0.1007	-0.3264	0.264	0.0272	-0.4215	-0.1279
0.0722729	-1.05455e-23	4.15792e-23	8.2737e-24	-2.35702e-23	0.2787	-0.3637	-0.01611	0.02338	-0.6416	-0.3021
0.0724729	-1.03964e-23	1.88937e-23	7.72925e-24	-1.11904e-23	0.2659	-0.1726	-0.3042	0.02745	-0.2915	-0.2934
0.0725729	-1.09798e-24	-2.00312e-23	2.56896e-24	1.17316e-23	0.06414	0.181	-0.3869	-0.01513	0.3091	-0.04901
0.0726729	9.03853e-24	-4.11579e-23	-3.338e-24	2.70897e-23	-0.1616	0.418	-0.1607	-0.05863	0.6352	0.2203
0.0728729	1.0727e-23	-2.78642e-23	-7.62879e-24	1.90914e-23	-0.2673	0.2945	0.2525	-0.03186	0.4299	0.2991
0.0729729	5.08802e-24	8.82788e-24	-7.07137e-24	-1.97428e-24	-0.1978	-0.03046	0.4804	0.02037	-0.1362	0.1774
0.0730729	-2.98346e-24	4.0056e-23	-2.36868e-24	-1.85891e-23	-0.01804	-0.2868	0.2976	0.05505	-0.6178	-0.03701
0.0732729	-8.04685e-24	3.55513e-23	2.84281e-24	-2.18137e-23	0.1413	-0.3365	-0.1244	0.05354	-0.5486	-0.1948
0.0733729	-8.22185e-24	-1.24413e-24	5.89497e-24	-7.89129e-24	0.2058	-0.1218	-0.4425	0.02395	0.0192	-0.2298
0.0734729	-3.56809e-24	-3.45467e-23	6.63387e-24	1.11191e-23	0.1732	0.1715	-0.421	-0.03156	0.5329	-0.1416
0.0736729	4.86116e-24	-3.79171e-23	4.19032e-24	1.70951e-23	0.03616	0.2638	-0.03436	-0.09309	0.5849	0.05693
0.0737729	8.92186e-24	-1.12649e-23	-2.8561e-24	1.0202e-23	-0.1505	0.1574	0.3884	-0.06241	0.1738	0.2129
0.0738729	5.76534e-24	2.70313e-23	-8.17972e-24	-1.09376e-24	-0.2276	-0.01688	0.4667	0.02486	-0.417	0.2027
0.0740729	5.98895e-26	4.31023e-23	-6.30655e-24	-1.26714e-23	-0.1304	-0.1955	0.1444	0.06426	-0.6652	0.0661
0.0741729	-4.62783e-24	1.89683e-23	-1.19487e-24	-1.19455e-23	0.02301	-0.1843	-0.2704	0.05988	-0.2926	-0.08288
0.0742729	-6.14775e-24	-2.12595e-23	3.83708e-24	1.1333e-24	0.1422	0.01748	-0.4595	0.02374	0.328	-0.1659
0.0744729	-2.37128e-24	-4.04125e-23	7.68712e-24	8.23805e-24	0.1825	0.1271	-0.277	-0.05466	0.6233	-0.1278
0.0745729	3.0998e-24	-2.61109e-23	6.66628e-24	4.97135e-24	0.1053	0.07672	0.1476	-0.1005	0.4028	-0.004803
0.0746729	3.7593e-24	9.15519e-24	-1.81062e-25	-7.91398e-25	-0.0424	-0.01221	0.4509	-0.03681	-0.1413	0.07921
0.0748729	9.30103e-25	3.80467e-23	-7.41166e-24	-4.02504e-24	-0.1621	-0.0621	0.3595	0.06668	-0.5871	0.09538
0.0749729	-1.68942e-24	3.42874e-23	-8.31583e-24	-4.43014e-24	-0.1537	-0.06835	-0.02913	0.1029	-0.5292	0.05076
0.0750729	-3.90189e-24	5.44126e-25	-5.02644e-24	2.76665e-24	-0.06329	0.04268	-0.3715	0.09184	-0.008395	-0.02854
0.0752729	-4.01208e-24	-3.17791e-23	8.58482e-26	7.91074e-24	0.04305	0.122	-0.4096	0.0404	0.4903	-0.08344
0.0753729	1.29048e-24	-3.67504e-23	7.76166e-24	2.3891e-24	0.1464	0.03686	-0.12	-0.0931	0.5668	-0.05328
0.0754729	5.80099e-24	-1.32613e-23	9.80011e-24	-3.54865e-24	0.142	-0.05475	0.2747	-0.1605	0.2046	0.0185
0.0756729	3.81115e-24	2.16938e-23	2.85739e-24	-6.55285e-24	0.01959	-0.1011	0.4375	-0.06858	-0.3347	0.04898
0.0757729	-8.37093e-25	3.90838e-23	-4.92274e-24	-7.2561e-24	-0.09268	-0.112	0.2454	0.05925	-0.6032	0.03342
0.0758729	-3.68476e-24	2.33239e-23	-7.73249e-24	-1.36631e-24	-0.1212	-0.02108	-0.1667	0.1175	-0.3598	0.003722
0.0760729	-4.0056e-24	-1.1226e-23	-5.54497e-24	9.13899e-24	-0.07285	0.141	-0.4325	0.09822	0.1732	-0.02537
0.0761729	-2.02095e-24	-3.58754e-23	4.87089e-25	1.07756e-23	0.03081	0.1663	-0.3146	0.01578	0.5536	-0.04658
0.0762729	3.29911e-24	-3.0904e-23	6.15099e-24	2.99059e-24	0.09262	0.04614	0.05914	-0.09723	0.4768	0.004606
0.0764729	6.48803e-24	1.60192e-25	7.43758e-24	-4.40746e-24	0.08625	-0.06801	0.3519	-0.1432	-0.002471	0.05697
0.0765729	3.99588e-24	2.9773e-23	2.40142e-24	-8.83436e-24	0.008303	-0.1363	0.3415	-0.0658	-0.4594	0.05749
0.0766729	-2.12368e-24	3.31856e-23	-4.17736e-24	-8.87325e-24	-0.06409	-0.1369	0.07757	0.06481	-0.5121	-0.0007223
0.0768729	-6.03433e-24	9.49223e-24	-7.38249e-24	-1.14626e-24	-0.0898	-0.01769	-0.2522	0.138	-0.1464	-0.04821
0.0769729	-4.9195e-24	-2.04947e-23	-4.12875e-24	8.65611e-24	-0.03429	0.1336	-0.3672	0.09306	0.3162	-0.05876
0.0770729	-1.8009e-24	-3.25698e-23	1.31802e-24	8.89917e-24	0.04564	0.1373	-0.1703	0.004965	0.5023	-0.0506
0.0772729	2.77508e-24	-1.79409e-23	2.81429e-24	2.59554e-24	0.02935	0.04005	0.1493	-0.05749	0.2768	0.02814
0.0773729	5.50608e-24	1.16311e-23	1.98789e-24	-2.40206e-24	-0.01575	-0.03706	0.345	-0.0771	-0.1795	0.09285
0.0774729	3.68152e-24	2.98087e-23	2.88624e-24	-6.54313e-24	0.0215	-0.101	0.2618	-0.06757	-0.4599	0.04607
0.0775729	-3.39633e-25	2.16905e-23	1.61034e-24	-6.82508e-24	0.03662	-0.1053	-0.06177	-0.01307	-0.3346	-0.02355
0.0777729	-4.6732e-24	-5.50608e-24	-2.63345e-24	-8.72741e-25	-0.006116	-0.01347	-0.332	0.07514	0.08494	-0.06903
0.0778729	-5.38293e-24	-2.49216e-23	-3.79495e-24	5.06857e-24	-0.02271	0.07822	-0.274	0.09442	0.3845	-0.07171
0.0779729	-1.63627e-24	-1.85599e-23	-8.7663e-25	5.25978e-24	-0.001206	0.08117	0.02115	0.02585	0.2864	-0.02464
0.0781729	3.72041e-24	3.72365e-24	1.07659e-24	2.35183e-24	-0.01611	0.03628	0.2553	-0.04934	-0.05743	0.06545
0.0782729	3.82088e-24	1.87382e-23	-8.58158e-26	-1.50664e-24	-0.04105	-0.02324	0.2473	-0.03841	-0.2891	0.07946
0.0783729	2.07021e-24	1.44409e-23	1.79993e-24	-3.4968e-24	0.01573	-0.05396	0.05694	-0.03981	-0.2228	0.02407
0.0785729	6.71813e-25	-2.71577e-24	3.86301e-24	-2.02873e-24	0.07256	-0.0313	-0.176	-0.04664	0.0419	-0.02591
0.0786729	-1.38025e-24	-1.6852e-23	2.29674e-25	3.30883e-26	0.01892	0.0005105	-0.2783	0.01183	0.26	-0.03076
0.0787729	-3.0042e-24	-1.43988e-23	-4.2681e-24	1.9166e-24	-0.05689	0.02957	-0.1258	0.0748	0.2221	-0.01791
0.0789729	-1.49854e-24	2.73392e-24	-3.63291e-24	2.15576e-24	-0.05931	0.03326	0.1507	0.05278	-0.04218	0.006536
0.0790729	1.51636e-24	1.65636e-23	8.48435e-25	-7.9237e-25	0.001855	-0.01222	0.27	-0.02432	-0.2555	0.02247
0.0791729	1.99113e-24	1.50469e-23	1.80187e-24	-3.39957e-24	0.01659	-0.05245	0.1648	-0.03901	-0.2321	0.02242
0.0793729	-7.29175e-26	6.55285e-25	-1.80868e-25	-9.64455e-25	-0.002971	-0.01488	-0.04173	0.00261	-0.01011	0.0003604
0.0794729	-1.69071e-24	-1.50372e-23	-8.17324e-27	2.86809e-24	0.01722	0.04425	-0.2417	0.01747	0.232	-0.0347
0.0795729	-1.88808e-24	-1.86345e-23	7.1848e-25	3.73337e-24	0.0342	0.05758	-0.252	0.01203	0.2875	-0.04623
0.0797729	-3.1374e-25	-5.83988e-24	-3.46763e-25	3.38337e-24	-0.003907	0.05218	-0.04238	0.006794	0.09012	-0.002887
0.0798729	1.15566e-24	1.22015e-23	-1.56659e-24	-2.77054e-25	-0.04411	-0.004274	0.1794	0.004228	-0.1883	0.03988
0.0799729	2.27924e-24	1.97039e-23	1.23798e-24	-7.48943e-24	0.002021	-0.1156	0.2369	-0.03618	-0.304	0.03416
0.0801729	3.77226e-24	1.25904e-23	3.85976e-24	-9.664e-24	0.04057	-0.1491	0.1413	-0.0785	-0.1942	0.03792
0.0802729	4.96811e-25	-5.05237e-24	1.69298e-24	-1.78794e-24	0.02972	-0.02759	-0.0354	-0.02252	0.07796	-0.007191
0.0803729	-3.80467e-24	-2.0203e-23	-2.59975e-24	8.1862e-24	-0.01434	0.1263	-0.2107	0.06588	0.3117	-0.05155
0.0804729	-4.13847e-24	-1.79247e-23	-2.30387e-24	1.2302e-23	-0.004841	0.1898	-0.2158	0.06625	0.2766	-0.06141
0.0806729	-1.88095e-24	-5.87553e-25	-3.89865e-25	8.98343e-24	0.01133	0.1386	-0.03558	0.02335	0.009063	-0.03468
0.0807729	1.04418e-24	1.58474e-23	-1.16247e-24	-2.34438e-24	-0.03465	-0.03617	0.1344	0.001217	-0.2445	0.03344
0.0808729	3.21712e-24	1.95743e-23	-1.63627e-24	-1.56918e-23	-0.06675	-0.2421	0.1718	-0.01626	-0.302	0.08301
0.0810729	3.05054e-24	8.695e-24	-7.96583e-25	-1.75358e-23	-0.04776	-0.2706	0.1019	-0.02318	-0.1342	0.07095
0.0811729	-2.18331e-25	-1.05844e-23	8.04361e-26	-3.48059e-24	0.0039	-0.05371	-0.01934	0.001419	0.1633	-0.005319
0.0812729	-3.47411e-24	-2.06729e-23	7.36628e-25	1.319e-23	0.05089	0.2035	-0.1154	0.02816	0.319	-0.07905
0.0814729	-4.08986e-24	-1.1871e-23	-1.54131e-25	2.00636e-23	0.0389	0.3095	-0.1117	0.04365	0.1831	-0.08255
0.0815729	-1.95646e-24	5.6584e-24	8.40657e-25	1.32386e-23	0.03742	0.2042	-0.0468	0.01148	-0.08728	-0.04889
0.0816729	1.25548e-24	1.69493e-23	2.99513e-24	-5.28247e-24	0.0487	-0.08149	0.01994	-0.04372	-0.2615	-0.004979
0.0818729	4.85468e-24	1.53613e-23	1.89002e-24	-2.15738e-23	-0.01105	-0.3328	0.07677	-0.06937	-0.237	0.08041
0.0819729	3.90838e-24	-2.93485e-25	-2.78156e-24	-1.96456e-23	-0.09741	-0.3031	0.07828	-0.01158	0.004528	0.109
0.0820729	-1.53775e-25	-1.74419e-23	-3.48059e-24	-2.42605e-24	-0.06999	-0.03743	0.01928	0.03737	0.2691	0.03262
0.0822729	-2.12725e-24	-1.81613e-23	6.89313e-25	1.54455e-23	0.03606	0.2383	-0.02367	0.01479	0.2802	-0.05085
0.0823729	-1.91303e-24	-1.17089e-24	3.28291e-24	2.31878e-23	0.08719	0.3578	-0.02168	-0.01408	0.01807	-0.07311
0.0824729	-1.01177e-24	1.63756e-23	1.62849e-24	1.45057e-23	0.0439	0.2238	-0.03035	-0.006344	-0.2527	-0.03756
0.0825729	-1.98238e-24	1.86572e-23	-9.19408e-25	-8.60102e-24	0.001476	-0.1327	-0.05107	0.02985	-0.2878	-0.03132
0.0827729	-1.56076e-25	6.30331e-24	-1.40131e-24	-2.56669e-23	-0.02722	-0.396	-0.02951	0.01602	-0.09727	0.0112
0.0828729	2.95494e-24	-1.36923e-23	-1.81321e-24	-1.99664e-23	-0.06769	-0.3081	0.02059	-0.01174	0.2112	0.07944
0.0829729	2.4079e-24	-2.41567e-23	-3.27318e-24	-6.70193e-25	-0.09211	-0.01034	0.0542	0.008903	0.3727	0.0832
0.0831729	6.48155e-26	-1.22339e-23	-6.50748e-25	1.69201e-23	-0.01405	0.261	0.09592	0.006026	0.1887	0.008027
0.0832729	-8.73065e-25	1.19325e-23	4.57598e-24	2.50577e-23	0.1031	0.3866	0.06237	-0.03809	-0.1841	-0.06502
0.0833729	-8.42602e-25	2.65808e-23	5.21117e-24	1.38446e-23	0.1158	0.2136	-0.0522	-0.04492	-0.4101	-0.07092
0.0835729	-1.29404e-24	1.94447e-23	-8.1862e-25	-1.02506e-23	-0.003529	-0.1582	-0.1153	0.02173	-0.3	-0.0182
0.0836729	-3.66208e-24	-3.36393e-24	-7.89129e-24	-2.26336e-23	-0.1247	-0.3492	-0.09895	0.1189	0.05189	0.005826
0.0837729	-3.0486e-24	-2.46137e-23	-6.54313e-24	-1.7821e-23	-0.1033	-0.275	-0.04805	0.09867	0.3798	0.004597
0.0839729	2.91054e-24	-2.77605e-23	1.6609e-24	-2.88624e-24	0.004232	-0.04453	0.05106	-0.04702	0.4283	0.04279
0.0840729	6.88989e-24	-8.16028e-24	7.89777e-24	1.42886e-23	0.09156	0.2204	0.1615	-0.1521	0.1259	0.06052
0.0841729	4.61811e-24	1.84951e-23	7.26906e-24	2.28864e-23	0.102	0.3531	0.1525	-0.1223	-0.2854	0.02026
0.0842729	-4.95191e-25	3.0473e-23	2.15901e-24	1.16311e-23	0.0495	0.1794	-0.006121	-0.01711	-0.4701	-0.03239
0.0844729	-3.12767e-24	1.92146e-23	-3.64587e-24	-1.06071e-23	-0.04283	-0.1636	-0.1519	0.06967	-0.2965	-0.02684
0.0845729	-4.98431e-24	-5.54173e-24	-8.38713e-24	-1.85048e-23	-0.1213	-0.2855	-0.1712	0.1375	0.08552	-0.01628
0.0846729	-6.42646e-24	-2.71253e-23	-9.1001e-24	-1.15048e-23	-0.1211	-0.1775	-0.1064	0.1597	0.4185	-0.03856
0.0848729	-3.78199e-24	-3.07031e-23	-2.75466e-24	-1.89488e-24	-0.01775	-0.02924	0.03079	0.06725	0.4737	-0.0495
0.0849729	3.53245e-24	-1.05034e-23	7.86861e-24	9.02556e-24	0.1255	0.1392	0.1922	-0.1173	0.162	-0.008234
0.0850729	7.95935e-24	1.8965e-23	1.22339e-23	1.69655e-23	0.1698	0.2617	0.2175	-0.2077	-0.2926	0.03791
0.0852729	6.78619e-24	3.55513e-23	6.1834e-24	1.00205e-23	0.05742	0.1546	0.07361	-0.1334	-0.5483	0.07599
0.0853729	1.34914e-24	2.41665e-23	-2.68531e-24	-5.56117e-24	-0.06912	-0.0858	-0.1149	0.01374	-0.3729	0.05538
0.0854729	-5.03617e-24	-5.29867e-24	-8.85056e-24	-1.23603e-23	-0.1303	-0.1907	-0.2281	0.1428	0.08177	-0.01252
0.0855729	-8.13435e-24	-2.93906e-23	-1.10835e-23	-1.05487e-23	-0.1443	-0.1627	-0.2036	0.1976	0.4534	-0.05331
0.0857729	-5.20469e-24	-3.22717e-23	-5.90145e-24	-4.04125e-24	-0.06789	-0.06237	-0.003153	0.1143	0.4979	-0.04637
0.0858729	4.3556e-25	-1.18742e-23	5.53201e-24	5.99544e-24	0.1093	0.09252	0.2164	-0.06137	0.1832	-0.04793
0.0859729	6.33572e-24	1.79053e-23	1.39062e-23	1.2746e-23	0.2209	0.1967	0.2491	-0.2082	-0.2763	-0.01272
0.0861729	8.36768e-24	3.45143e-23	1.05487e-23	6.9385e-24	0.1309	0.107	0.101	-0.1946	-0.5325	0.06365
0.0862729	5.36024e-24	2.32558e-23	-7.57694e-25	-2.9598e-24	-0.07073	-0.04567	-0.1003	-0.04734	-0.3588	0.1181
0.0863729	-2.12076e-24	-4.4107e-24	-1.08145e-23	-6.08294e-24	-0.2007	-0.09387	-0.2302	0.1331	0.06807	0.06761
0.0865729	-1.0001e-23	-2.71545e-23	-1.45122e-23	-6.81535e-24	-0.1957	-0.1052	-0.2159	0.2521	0.4189	-0.05645
0.0866729	-1.09247e-23	-2.82563e-23	-8.49408e-24	-5.02969e-24	-0.06233	-0.07759	-0.01577	0.1997	0.4359	-0.1374
0.0867729	-4.50468e-24	-8.70797e-24	5.12367e-24	3.54217e-24	0.1517	0.05464	0.1882	-0.006359	0.1344	-0.1454
0.0868729	5.69729e-24	1.6259e-23	1.62881e-23	8.28991e-24	0.2765	0.1279	0.2046	-0.2261	-0.2508	-0.05034
0.0870729	1.20136e-23	2.70086e-23	1.43566e-23	1.90234e-24	0.1718	0.02935	0.08675	-0.2712	-0.4167	0.09945
0.0871729	1.09376e-23	1.57793e-23	3.07712e-24	-2.20632e-24	-0.04921	-0.03404	-0.0393	-0.1442	-0.2434	0.1934
0.0872729	1.78664e-24	-5.33756e-24	-1.0458e-23	-4.47551e-26	-0.2335	-0.0006905	-0.1558	0.08918	0.08233	0.1443
0.0874729	-9.53112e-24	-2.10391e-23	-1.84141e-23	-5.1107e-25	-0.2807	-0.007887	-0.1764	0.2874	0.3246	-0.006683
0.0875729	-1.35497e-23	-2.06146e-23	-1.34006e-23	-2.25234e-24	-0.1363	-0.03475	-0.03039	0.2772	0.318	-0.1409
0.0876729	-7.33064e-24	-4.08986e-24	2.81883e-24	2.4254e-25	0.1334	0.003742	0.1151	0.04641	0.06311	-0.1798
0.0878729	3.8468e-24	1.63983e-23	1.64275e-23	4.24866e-25	0.2984	0.006557	0.1331	-0.2085	-0.253	-0.08985
0.0879729	1.17737e-23	2.17586e-23	1.63659e-23	-3.13707e-24	0.2155	-0.0484	0.07563	-0.2894	-0.3357	0.0739
0.0880729	1.15048e-23	7.88805e-24	5.2695e-24	-2.21604e-24	-0.00991	-0.03419	-0.008607	-0.1725	-0.1217	0.1825
0.0881729	3.21193e-24	-9.44362e-24	-7.50564e-24	2.8454e-24	-0.1875	0.0439	-0.1057	0.04417	0.1457	0.1433
0.0883729	-5.83664e-24	-1.81354e-23	-1.45673e-23	4.89033e-24	-0.2396	0.07543	-0.1035	0.2099	0.2798	0.02977
0.0884729	-1.13751e-23	-1.20622e-23	-1.24867e-23	3.16073e-24	-0.1399	0.04877	0.004473	0.2454	0.1861	-0.1056
0.0885729	-1.15987e-23	4.12227e-24	-2.19498e-24	2.78901e-25	0.07413	0.004303	0.06193	0.1419	-0.06358	-0.216
0.0887729	-4.88709e-24	1.68196e-23	8.35148e-24	-3.22166e-24	0.222	-0.0497	0.04642	-0.03563	-0.2595	-0.1864
0.0888729	6.47183e-24	1.29275e-23	1.25742e-23	-5.87877e-24	0.1921	-0.09068	0.008946	-0.1959	-0.1994	0.003815
0.0889729	1.42497e-23	-1.7727e-24	9.40797e-24	-3.38985e-24	0.04694	-0.0523	-0.01873	-0.2433	0.02735	0.1964
0.0891729	1.14075e-23	-1.26876e-23	4.03801e-25	2.31489e-24	-0.109	0.03571	-0.05809	-0.1215	0.1957	0.2305
0.0892729	1.76298e-24	-1.3877e-23	-9.1714e-24	4.40746e-24	-0.2068	0.06802	-0.02463	0.07619	0.2141	0.1306
0.0893729	-8.72093e-24	-3.92134e-24	-1.18029e-23	3.73337e-24	-0.1531	0.05759	0.06238	0.2111	0.06052	-0.05803
0.0894729	-1.31543e-23	1.07691e-23	-5.46395e-24	1.914e-24	0.02289	0.02953	0.07685	0.1915	-0.1662	-0.2144
0.0896729	-8.72417e-24	1.67419e-23	2.66327e-24	-2.64933e-24	0.1445	-0.04087	0.01229	0.06233	-0.2583	-0.2068
0.0897729	5.04913e-25	7.76166e-24	7.12971e-24	-6.0246e-24	0.1415	-0.09295	-0.04547	-0.07853	-0.1197	-0.06295
0.0898729	8.8538e-24	-7.70657e-24	7.80379e-24	-2.43544e-24	0.06947	-0.03758	-0.06953	-0.1714	0.1189	0.1019
0.0900729	1.11483e-23	-1.71405e-23	4.06393e-24	2.57901e-24	-0.03106	0.03979	-0.08307	-0.1565	0.2644	0.1875
0.0901729	5.6033e-24	-1.43664e-23	-3.57458e-24	2.80781e-24	-0.1312	0.04332	-0.005745	-0.02086	0.2217	0.152
0.0902729	-3.55837e-24	-3.80467e-25	-7.60286e-24	1.9409e-24	-0.1198	0.02994	0.1171	0.1148	0.005869	0.005021
0.0903729	-8.99964e-24	1.65733e-23	-4.20005e-24	1.59965e-24	0.006156	0.02468	0.1419	0.1358	-0.2557	-0.1419
0.0905729	-8.01444e-24	2.27243e-23	-3.10369e-25	-9.9265e-25	0.07605	-0.01532	0.02513	0.08563	-0.3506	-0.1617
0.0906729	-2.37743e-24	8.98019e-24	6.17044e-25	-1.7928e-24	0.03714	-0.02766	-0.1216	0.01811	-0.1386	-0.05525
0.0907729	4.80931e-24	-1.20524e-23	2.34146e-24	-9.21677e-25	-0.001317	-0.01422	-0.1482	-0.07356	0.186	0.07488
0.0909729	9.1714e-24	-2.37679e-23	3.42874e-24	2.32655e-25	-0.02379	0.00359	-0.08813	-0.1296	0.3667	0.1534
0.0910729	6.84452e-24	-1.96002e-23	1.45381e-24	-5.68108e-27	-0.04049	-8.764e-05	0.03286	-0.08535	0.3024	0.1258
0.0911729	-1.3365e-24	-9.97511e-25	-5.42506e-25	-1.37571e-24	0.00259	-0.02122	0.162	0.01933	0.01539	-0.02192
0.0912729	-7.61582e-24	2.13373e-23	-1.00334e-24	-2.15058e-24	0.05771	-0.03318	0.1932	0.08867	-0.3292	-0.1464
0.0914729	-7.84268e-24	2.97147e-23	-1.31997e-24	-5.47043e-25	0.0535	-0.008442	0.05219	0.09423	-0.4585	-0.1477
0.0915729	-3.87273e-24	1.42173e-23	-1.73025e-24	3.10207e-24	0.004223	0.04786	-0.1595	0.05762	-0.2194	-0.06184
0.0916729	1.85761e-24	-1.28302e-23	-1.36696e-24	5.19821e-24	-0.04723	0.08022	-0.2343	-0.005046	0.1979	0.05228
0.0918729	6.7473e-24	-2.80586e-23	-8.52648e-25	3.05994e-24	-0.08694	0.04721	-0.1219	-0.06063	0.4329	0.1476
0.0919729	7.5024e-24	-2.38975e-23	-5.86581e-25	-1.75682e-24	-0.08923	-0.0271	0.06641	-0.07114	0.3687	0.1604
0.0920729	3.39633e-24	-7.39869e-24	1.90266e-24	-6.21905e-24	0.00422	-0.09593	0.1975	-0.05449	0.1141	0.05027
0.0921729	-4.08014e-24	1.37668e-23	4.4982e-24	-6.34868e-24	0.1345	-0.09796	0.2359	-0.004305	-0.2124	-0.1302
0.0923729	-9.03204e-24	3.15295e-23	3.52272e-24	-1.61942e-24	0.1654	-0.02499	0.1184	0.05665	-0.4864	-0.222
0.0924729	-7.7649e-24	2.81397e-23	-9.08066e-25	4.29727e-24	0.06119	0.06628	-0.1447	0.08921	-0.4341	-0.1504
0.0925729	-1.52576e-24	9.60566e-25	-4.52736e-24	5.88201e-24	-0.07746	0.09074	-0.3175	0.06227	-0.01482	0.01519
0.0927729	5.86581e-24	-2.62989e-23	-6.09914e-24	5.27598e-24	-0.1858	0.0814	-0.239	0.002384	0.4058	0.1834
0.0928729	1.01274e-23	-3.34448e-23	-4.7769e-24	2.8642e-24	-0.2024	0.04419	0.0115	-0.05503	0.5158	0.2575
